17.0,311.29411764705884
16.0,285.3125
18.0,340.1111111111111
19.0,299.4736842105263
17.0,297.1764705882353
16.0,265.4375
17.0,309.05882352941177
19.0,277.7368421052632
15.0,335.1333333333333
15.0,268.2
15.0,327.0
15.0,288.53333333333336
13.0,299.6923076923077
14.0,281.2857142857143
12.0,298.5
12.0,263.0
12.0,303.4166666666667
13.0,276.3076923076923
13.0,324.0769230769231
12.0,291.5833333333333
13.0,308.38461538461536
12.0,268.4166666666667
11.0,332.72727272727275
11.0,279.45454545454544
9.0,312.44444444444446
9.0,259.55555555555554
8.0,310.75
10.0,298.5
11.0,324.09090909090907
9.0,288.8888888888889
9.0,326.6666666666667
9.0,267.55555555555554
10.0,297.0
10.0,253.4
10.0,319.7
10.0,279.1
12.0,305.5
13.0,262.0
14.0,295.42857142857144
14.0,282.7142857142857
15.0,280.53333333333336
14.0,308.85714285714283
11.0,327.8181818181818
12.0,291.25
14.0,323.85714285714283
14.0,279.64285714285717
14.0,327.07142857142856
15.0,312.4
17.0,319.6470588235294
18.0,273.72222222222223
16.0,334.375
15.0,280.6666666666667
14.0,300.35714285714283
13.0,298.9230769230769
14.0,323.64285714285717
16.0,282.125
13.0,306.7692307692308
12.0,263.3333333333333
12.0,325.75
11.0,298.54545454545456
14.0,306.2857142857143
13.0,285.3076923076923
13.0,301.9230769230769
12.0,298.25
12.0,327.0833333333333
12.0,278.9166666666667
12.0,303.4166666666667
8.0,289.75
9.0,342.1111111111111
8.0,299.875
10.0,340.9
10.0,259.3
10.0,326.1
10.0,252.5
9.0,293.44444444444446
9.0,269.55555555555554
10.0,311.5
10.0,252.8
10.0,287.0
10.0,274.9
11.0,313.8181818181818
10.0,260.9
10.0,315.9
11.0,279.3636363636364
11.0,316.0
9.0,286.1111111111111
10.0,290.7
11.0,277.3636363636364
10.0,311.8
12.0,262.8333333333333
12.0,316.25
13.0,276.7692307692308
15.0,319.53333333333336
13.0,284.0
15.0,313.8666666666667
18.0,296.6666666666667
19.0,275.4736842105263
19.0,248.10526315789474
16.0,319.1875
15.0,260.26666666666665
18.0,313.0
16.0,284.125
15.0,324.06666666666666
16.0,274.875
17.0,303.05882352941177
17.0,272.6470588235294
16.0,307.8125
13.0,273.38461538461536
14.0,338.2857142857143
15.0,272.8666666666667
16.0,296.625
16.0,275.4375
15.0,329.46666666666664
15.0,293.46666666666664
16.0,294.9375
15.0,338.1333333333333
16.0,323.125
19.0,296.57894736842104
19.0,306.4736842105263
15.0,302.3333333333333
15.0,339.93333333333334
15.0,273.73333333333335
15.0,336.3333333333333
12.0,300.5833333333333
12.0,293.9166666666667
13.0,276.46153846153845
12.0,314.0833333333333
10.0,273.4
12.0,316.3333333333333
12.0,270.3333333333333
11.0,345.3636363636364
14.0,289.7142857142857
14.0,276.64285714285717
14.0,242.0
14.0,311.14285714285717
14.0,277.42857142857144
14.0,341.42857142857144
15.0,269.46666666666664
13.0,313.9230769230769
12.0,271.0
13.0,333.6923076923077
14.0,290.7142857142857
16.0,333.3125
15.0,264.2
16.0,317.4375
16.0,270.125
13.0,272.61538461538464
15.0,262.53333333333336
15.0,323.8
15.0,275.53333333333336
14.0,361.0
15.0,314.2
15.0,352.3333333333333
14.0,282.35714285714283
14.0,328.5
14.0,308.07142857142856
14.0,333.7857142857143
15.0,238.26666666666668
13.0,292.3076923076923
14.0,270.7857142857143
14.0,321.0
13.0,271.3076923076923
13.0,317.15384615384613
13.0,271.46153846153845
13.0,312.15384615384613
13.0,272.7692307692308
12.0,331.5833333333333
9.0,292.44444444444446
10.0,309.3
10.0,280.6
10.0,327.9
10.0,244.1
9.0,303.77777777777777
10.0,303.9
12.0,294.6666666666667
11.0,304.27272727272725
11.0,321.27272727272725
12.0,267.0
13.0,287.3076923076923
15.0,285.93333333333334
14.0,319.5
14.0,261.85714285714283
15.0,331.6
15.0,287.3333333333333
13.0,317.6923076923077
14.0,252.28571428571428
17.0,317.8235294117647
14.0,315.57142857142856
15.0,313.73333333333335
16.0,270.75
16.0,339.1875
14.0,277.0
15.0,337.6666666666667
16.0,280.6875
16.0,309.6875
16.0,241.0
14.0,293.2142857142857
15.0,296.4
16.0,317.625
15.0,269.6
12.0,311.1666666666667
13.0,257.53846153846155
13.0,293.61538461538464
13.0,278.38461538461536
13.0,314.61538461538464
13.0,307.9230769230769
14.0,340.35714285714283
15.0,256.26666666666665
12.0,316.4166666666667
14.0,287.7857142857143
13.0,306.61538461538464
13.0,277.61538461538464
12.0,339.9166666666667
14.0,311.57142857142856
15.0,312.8666666666667
17.0,272.11764705882354
17.0,320.29411764705884
15.0,249.26666666666668
14.0,318.42857142857144
16.0,279.3125
13.0,313.0769230769231
15.0,278.8
17.0,306.88235294117646
17.0,263.70588235294116
13.0,297.6923076923077
11.0,273.27272727272725
15.0,281.0
16.0,233.5
14.0,303.2142857142857
15.0,277.0
12.0,314.9166666666667
12.0,279.3333333333333
11.0,304.45454545454544
13.0,254.84615384615384
10.0,302.0
8.0,257.75
11.0,312.6363636363636
11.0,266.0
11.0,329.09090909090907
10.0,298.8
10.0,317.9
11.0,264.6363636363636
10.0,308.3
10.0,279.0
10.0,309.7
10.0,296.5
8.0,338.5
9.0,260.0
10.0,311.9
10.0,280.7
11.0,329.0
11.0,260.54545454545456
11.0,317.0
10.0,250.0
9.0,298.0
10.0,288.4
11.0,283.6363636363636
11.0,278.45454545454544
13.0,310.61538461538464
15.0,280.6666666666667
12.0,300.1666666666667
12.0,267.6666666666667
11.0,315.27272727272725
14.0,293.7142857142857
13.0,320.9230769230769
12.0,298.0833333333333
13.0,334.7692307692308
12.0,274.6666666666667
13.0,345.0769230769231
12.0,275.25
12.0,313.6666666666667
14.0,300.07142857142856
14.0,314.2142857142857
14.0,281.7142857142857
12.0,288.9166666666667
10.0,281.8
11.0,307.09090909090907
13.0,294.84615384615387
14.0,306.14285714285717
14.0,268.7142857142857
14.0,322.35714285714283
13.0,278.46153846153845
14.0,311.35714285714283
13.0,265.3076923076923
10.0,287.6
12.0,257.4166666666667
12.0,311.25
12.0,294.4166666666667
10.0,293.7
9.0,274.1111111111111
10.0,316.7
9.0,278.1111111111111
12.0,285.3333333333333
12.0,254.33333333333334
13.0,332.38461538461536
15.0,274.2
15.0,310.0
15.0,265.73333333333335
17.0,314.05882352941177
14.0,293.42857142857144
14.0,307.7142857142857
16.0,266.6875
17.0,347.4117647058824
15.0,272.6
12.0,319.8333333333333
12.0,250.41666666666666
12.0,338.8333333333333
8.0,300.875
10.0,340.6
12.0,275.75
13.0,342.7692307692308
13.0,274.61538461538464
11.0,295.3636363636364
11.0,256.90909090909093
12.0,337.75
11.0,264.72727272727275
11.0,329.0
11.0,220.63636363636363
13.0,320.9230769230769
12.0,266.9166666666667
12.0,245.0
12.0,265.1666666666667
12.0,357.6666666666667
14.0,287.07142857142856
14.0,302.0
15.0,270.1333333333333
14.0,286.7857142857143
12.0,289.0
13.0,307.0
15.0,289.93333333333334
16.0,323.5625
14.0,305.0
13.0,300.2307692307692
13.0,278.15384615384613
13.0,299.6923076923077
14.0,273.92857142857144
13.0,339.53846153846155
14.0,265.57142857142856
14.0,326.5
13.0,296.7692307692308
13.0,316.38461538461536
13.0,316.53846153846155
12.0,324.1666666666667
12.0,289.6666666666667
10.0,317.9
9.0,292.6666666666667
12.0,310.3333333333333
12.0,262.75
11.0,318.09090909090907
12.0,274.0833333333333
9.0,307.22222222222223
8.0,278.25
9.0,318.55555555555554
11.0,270.90909090909093
11.0,315.90909090909093
10.0,301.6
9.0,304.0
9.0,273.1111111111111
9.0,328.44444444444446
9.0,276.1111111111111
10.0,314.8
8.0,250.5
10.0,316.7
12.0,332.5
11.0,329.45454545454544
13.0,272.53846153846155
13.0,335.15384615384613
13.0,285.0
13.0,323.6923076923077
13.0,279.3076923076923
14.0,314.57142857142856
13.0,296.15384615384613
12.0,321.6666666666667
13.0,288.61538461538464
13.0,343.61538461538464
11.0,259.1818181818182
10.0,315.8
12.0,267.1666666666667
14.0,318.92857142857144
14.0,284.92857142857144
14.0,298.7142857142857
13.0,280.0769230769231
13.0,310.61538461538464
16.0,279.875
14.0,295.7857142857143
13.0,287.46153846153845
13.0,320.15384615384613
13.0,290.7692307692308
13.0,322.84615384615387
14.0,280.2857142857143
14.0,310.2142857142857
12.0,310.0
14.0,298.85714285714283
15.0,266.53333333333336
12.0,327.5
12.0,280.5
10.0,327.6
11.0,292.3636363636364
14.0,329.14285714285717
12.0,301.3333333333333
15.0,298.93333333333334
13.0,250.69230769230768
13.0,307.53846153846155
11.0,270.8181818181818
12.0,321.0
14.0,264.2857142857143
12.0,329.25
11.0,256.8181818181818
13.0,319.38461538461536
14.0,272.64285714285717
16.0,347.875
16.0,279.625
18.0,309.94444444444446
17.0,280.52941176470586
18.0,318.72222222222223
18.0,292.5
18.0,293.6666666666667
20.0,285.45
20.0,306.6
17.0,243.47058823529412
15.0,275.1333333333333
16.0,289.3125
16.0,334.25
17.0,301.0
17.0,324.5882352941176
17.0,319.4117647058824
16.0,312.25
15.0,277.26666666666665
15.0,293.8
16.0,287.6875
16.0,306.4375
16.0,287.0625
15.0,315.06666666666666
17.0,276.0
14.0,303.57142857142856
14.0,238.78571428571428
16.0,318.9375
15.0,262.8
15.0,335.53333333333336
13.0,274.53846153846155
12.0,337.1666666666667
14.0,264.92857142857144
14.0,307.14285714285717
15.0,275.06666666666666
12.0,339.0
13.0,312.3076923076923
14.0,289.2142857142857
14.0,279.5
14.0,319.7142857142857
13.0,285.53846153846155
12.0,291.3333333333333
13.0,252.30769230769232
13.0,334.7692307692308
13.0,259.3076923076923
12.0,348.6666666666667
12.0,276.5
12.0,310.8333333333333
12.0,242.91666666666666
12.0,297.75
12.0,276.25
13.0,327.61538461538464
13.0,227.46153846153845
12.0,285.5833333333333
13.0,277.84615384615387
12.0,343.75
11.0,269.0
11.0,326.45454545454544
11.0,312.1818181818182
10.0,321.9
11.0,277.72727272727275
13.0,317.9230769230769
14.0,289.07142857142856
13.0,308.6923076923077
13.0,270.38461538461536
13.0,296.84615384615387
12.0,303.0
13.0,341.0
15.0,265.26666666666665
15.0,341.53333333333336
15.0,280.6
14.0,312.42857142857144
13.0,260.7692307692308
13.0,325.0769230769231
13.0,266.0
11.0,294.3636363636364
12.0,257.5
12.0,331.6666666666667
11.0,250.1818181818182
10.0,333.5
8.0,271.125
7.0,324.42857142857144
8.0,302.5
8.0,326.125
8.0,267.125
9.0,291.6666666666667
8.0,279.125
8.0,296.5
9.0,316.55555555555554
10.0,399.2
11.0,342.3636363636364
11.0,398.72727272727275
11.0,356.45454545454544
11.0,387.45454545454544
13.0,281.0
13.0,326.7692307692308
14.0,292.07142857142856
15.0,326.8
14.0,276.85714285714283
15.0,333.93333333333334
16.0,303.9375
14.0,321.0
13.0,352.0
13.0,324.3076923076923
14.0,315.85714285714283
13.0,298.9230769230769
11.0,338.72727272727275
11.0,308.0
14.0,301.07142857142856
12.0,329.0
12.0,341.8333333333333
13.0,334.7692307692308
14.0,348.07142857142856
12.0,329.0833333333333
12.0,312.8333333333333
13.0,322.7692307692308
10.0,338.0
12.0,309.6666666666667
10.0,337.8
11.0,303.90909090909093
12.0,346.4166666666667
12.0,336.0833333333333
12.0,326.4166666666667
13.0,294.9230769230769
12.0,345.5833333333333
13.0,328.53846153846155
11.0,358.27272727272725
10.0,314.8
11.0,314.8181818181818
11.0,336.1818181818182
12.0,346.8333333333333
13.0,334.6923076923077
12.0,327.6666666666667
13.0,330.9230769230769
15.0,305.93333333333334
14.0,314.07142857142856
11.0,341.27272727272725
14.0,319.5
14.0,322.35714285714283
14.0,323.92857142857144
14.0,304.92857142857144
14.0,363.5
15.0,336.6666666666667
16.0,343.3125
16.0,329.625
14.0,312.7142857142857
14.0,340.0
17.0,319.8235294117647
19.0,371.8421052631579
19.0,340.1578947368421
19.0,349.3157894736842
18.0,331.3333333333333
17.0,355.1764705882353
18.0,292.8333333333333
15.0,318.46666666666664
12.0,329.9166666666667
13.0,344.2307692307692
11.0,340.3636363636364
12.0,341.0833333333333
13.0,325.0
13.0,355.9230769230769
14.0,356.2142857142857
14.0,340.7142857142857
12.0,317.1666666666667
12.0,308.6666666666667
12.0,326.0
11.0,313.3636363636364
11.0,327.8181818181818
11.0,347.6363636363636
12.0,330.1666666666667
13.0,325.0769230769231
13.0,332.2307692307692
14.0,315.2857142857143
12.0,298.25
13.0,350.53846153846155
11.0,312.0
12.0,320.4166666666667
13.0,317.7692307692308
12.0,333.8333333333333
14.0,337.57142857142856
13.0,333.3076923076923
14.0,318.92857142857144
11.0,307.8181818181818
11.0,310.27272727272725
10.0,334.2
11.0,290.72727272727275
10.0,306.1
10.0,329.2
10.0,334.8
10.0,322.3
9.0,294.55555555555554
11.0,352.72727272727275
12.0,343.5
15.0,353.1333333333333
12.0,347.25
13.0,310.7692307692308
13.0,340.9230769230769
13.0,331.3076923076923
14.0,331.5
15.0,325.3333333333333
13.0,315.61538461538464
12.0,316.1666666666667
14.0,341.7142857142857
13.0,322.84615384615387
15.0,306.8666666666667
14.0,312.57142857142856
16.0,328.6875
16.0,306.0625
17.0,333.2352941176471
16.0,340.25
15.0,338.46666666666664
15.0,333.53333333333336
14.0,313.07142857142856
14.0,333.2142857142857
14.0,324.07142857142856
13.0,341.0769230769231
12.0,351.4166666666667
12.0,316.6666666666667
11.0,351.45454545454544
9.0,334.6666666666667
12.0,330.1666666666667
12.0,310.6666666666667
14.0,331.14285714285717
15.0,337.8
15.0,377.2
16.0,327.125
16.0,334.375
14.0,329.14285714285717
14.0,322.7142857142857
16.0,306.5625
17.0,336.94117647058823
16.0,344.1875
15.0,330.8666666666667
12.0,299.4166666666667
14.0,319.42857142857144
13.0,311.46153846153845
14.0,353.5
13.0,342.46153846153845
12.0,344.3333333333333
13.0,315.9230769230769
12.0,362.0833333333333
11.0,345.09090909090907
10.0,310.3
13.0,323.3076923076923
15.0,317.26666666666665
17.0,319.94117647058823
16.0,342.9375
15.0,323.1333333333333
13.0,332.3076923076923
10.0,339.3
10.0,307.5
11.0,301.45454545454544
11.0,339.8181818181818
12.0,340.4166666666667
10.0,325.7
11.0,326.1818181818182
12.0,336.6666666666667
10.0,328.6
10.0,328.9
12.0,307.1666666666667
13.0,329.9230769230769
14.0,319.64285714285717
14.0,326.14285714285717
14.0,343.2857142857143
12.0,317.9166666666667
11.0,276.09090909090907
12.0,317.1666666666667
14.0,321.7142857142857
13.0,346.53846153846155
13.0,316.0769230769231
12.0,325.25
11.0,316.3636363636364
12.0,339.5833333333333
12.0,321.0833333333333
14.0,323.07142857142856
16.0,327.375
14.0,327.2142857142857
12.0,331.3333333333333
12.0,327.0
12.0,314.6666666666667
12.0,333.8333333333333
12.0,296.3333333333333
12.0,321.0
12.0,307.5833333333333
12.0,341.8333333333333
11.0,298.54545454545456
9.0,310.8888888888889
8.0,316.25
9.0,330.44444444444446
11.0,334.45454545454544
11.0,305.1818181818182
11.0,301.90909090909093
9.0,336.44444444444446
9.0,330.0
7.0,330.0
9.0,346.44444444444446
10.0,304.7
11.0,329.27272727272725
14.0,340.14285714285717
14.0,330.64285714285717
13.0,322.61538461538464
13.0,336.6923076923077
14.0,337.7857142857143
14.0,371.5
15.0,318.4
14.0,342.7857142857143
14.0,324.2142857142857
12.0,320.4166666666667
14.0,300.42857142857144
14.0,327.07142857142856
14.0,328.2142857142857
17.0,317.11764705882354
14.0,320.92857142857144
14.0,322.2142857142857
14.0,353.2857142857143
14.0,341.07142857142856
16.0,338.75
15.0,334.8
14.0,347.57142857142856
13.0,336.84615384615387
14.0,347.64285714285717
13.0,324.0
11.0,358.09090909090907
13.0,346.6923076923077
13.0,331.0769230769231
12.0,321.8333333333333
13.0,369.15384615384613
15.0,327.26666666666665
17.0,335.94117647058823
15.0,315.6
15.0,298.4
17.0,324.3529411764706
20.0,313.2
18.0,281.8333333333333
15.0,331.8666666666667
13.0,353.6923076923077
13.0,327.53846153846155
15.0,302.1333333333333
12.0,325.1666666666667
9.0,300.77777777777777
11.0,332.8181818181818
12.0,342.9166666666667
13.0,319.7692307692308
12.0,324.1666666666667
13.0,351.0769230769231
14.0,344.57142857142856
14.0,328.5
13.0,329.0
14.0,358.35714285714283
13.0,332.15384615384613
14.0,352.07142857142856
14.0,358.42857142857144
13.0,322.84615384615387
12.0,300.8333333333333
12.0,322.1666666666667
11.0,320.3636363636364
11.0,305.72727272727275
15.0,292.2
15.0,314.0
15.0,339.73333333333335
15.0,326.8666666666667
14.0,308.14285714285717
14.0,327.7142857142857
13.0,343.15384615384613
13.0,342.46153846153845
12.0,319.6666666666667
13.0,350.84615384615387
11.0,364.90909090909093
11.0,350.72727272727275
11.0,340.1818181818182
10.0,331.6
12.0,309.1666666666667
10.0,327.7
10.0,311.2
13.0,329.3076923076923
11.0,312.54545454545456
11.0,311.3636363636364
12.0,323.5
12.0,344.25
11.0,299.90909090909093
10.0,329.6
11.0,345.90909090909093
11.0,348.27272727272725
11.0,336.6363636363636
9.0,319.22222222222223
10.0,351.0
11.0,330.1818181818182
10.0,329.7
12.0,343.0833333333333
12.0,345.5
12.0,341.4166666666667
11.0,304.72727272727275
11.0,335.8181818181818
12.0,297.75
13.0,337.53846153846155
14.0,292.42857142857144
14.0,329.7142857142857
11.0,293.6363636363636
11.0,322.45454545454544
11.0,330.45454545454544
9.0,316.3333333333333
8.0,306.125
10.0,325.0
12.0,345.8333333333333
12.0,331.4166666666667
12.0,321.4166666666667
14.0,317.92857142857144
15.0,324.73333333333335
15.0,343.0
14.0,337.85714285714283
13.0,326.38461538461536
16.0,355.375
13.0,345.0769230769231
12.0,350.9166666666667
14.0,345.2857142857143
16.0,318.75
15.0,300.93333333333334
14.0,310.85714285714283
14.0,297.7142857142857
16.0,334.4375
15.0,370.8666666666667
15.0,329.6
13.0,333.61538461538464
13.0,350.2307692307692
14.0,341.7857142857143
13.0,338.46153846153845
13.0,330.0
14.0,292.14285714285717
12.0,308.5
11.0,333.09090909090907
11.0,343.1818181818182
10.0,328.3
9.0,343.44444444444446
9.0,347.0
11.0,323.72727272727275
8.0,305.75
10.0,324.8
10.0,313.6
12.0,326.4166666666667
11.0,317.27272727272725
10.0,325.1
13.0,321.0769230769231
13.0,355.61538461538464
13.0,334.3076923076923
11.0,334.0
11.0,336.45454545454544
9.0,322.0
11.0,338.8181818181818
11.0,346.8181818181818
11.0,301.8181818181818
11.0,312.72727272727275
10.0,329.7
9.0,306.77777777777777
10.0,325.8
11.0,354.6363636363636
11.0,344.1818181818182
13.0,325.9230769230769
13.0,313.3076923076923
12.0,337.8333333333333
11.0,339.09090909090907
12.0,323.1666666666667
11.0,312.6363636363636
11.0,333.3636363636364
10.0,349.0
10.0,341.4
8.0,354.125
5.0,346.2
6.0,280.8333333333333
4.0,317.25
8.0,348.125
8.0,311.5
9.0,326.1111111111111
8.0,302.75
8.0,303.125
9.0,307.44444444444446
9.0,323.55555555555554
9.0,309.3333333333333
7.0,317.42857142857144
9.0,337.8888888888889
11.0,316.8181818181818
10.0,333.7
10.0,350.5
10.0,326.6
9.0,308.44444444444446
9.0,341.22222222222223
7.0,294.7142857142857
8.0,364.875
9.0,344.0
8.0,303.5
9.0,340.55555555555554
12.0,321.9166666666667
13.0,343.84615384615387
12.0,314.5
11.0,329.0
12.0,325.1666666666667
10.0,315.7
11.0,315.0
10.0,304.5
12.0,330.25
11.0,303.8181818181818
13.0,329.6923076923077
12.0,315.75
14.0,332.42857142857144
13.0,348.46153846153845
12.0,336.75
12.0,345.25
11.0,340.6363636363636
10.0,300.8
8.0,334.25
9.0,332.8888888888889
10.0,342.2
11.0,326.54545454545456
10.0,331.6
11.0,330.45454545454544
9.0,323.55555555555554
11.0,322.3636363636364
11.0,338.27272727272725
11.0,300.8181818181818
11.0,339.8181818181818
8.0,336.375
7.0,348.2857142857143
9.0,331.22222222222223
11.0,303.0
10.0,326.0
9.0,347.44444444444446
10.0,332.8
10.0,339.0
11.0,309.3636363636364
10.0,362.9
11.0,316.0
13.0,343.61538461538464
14.0,333.2142857142857
15.0,343.8666666666667
14.0,296.35714285714283
13.0,308.53846153846155
11.0,292.09090909090907
12.0,304.9166666666667
11.0,326.6363636363636
13.0,333.38461538461536
12.0,306.5
12.0,323.1666666666667
12.0,297.5833333333333
13.0,339.84615384615387
14.0,313.92857142857144
15.0,314.2
18.0,334.6666666666667
19.0,370.42105263157896
19.0,344.7368421052632
17.0,311.7647058823529
17.0,306.4117647058824
16.0,312.4375
16.0,350.8125
16.0,324.125
16.0,304.0625
14.0,308.0
12.0,384.0
11.0,352.6363636363636
12.0,329.0
13.0,327.2307692307692
9.0,294.0
8.0,329.625
9.0,312.77777777777777
12.0,296.75
12.0,340.9166666666667
13.0,345.7692307692308
10.0,319.5
8.0,343.625
10.0,329.6
9.0,341.3333333333333
9.0,321.55555555555554
9.0,338.8888888888889
9.0,304.77777777777777
9.0,316.77777777777777
10.0,307.7
11.0,335.54545454545456
12.0,340.3333333333333
12.0,340.4166666666667
12.0,321.8333333333333
10.0,326.1
10.0,339.9
10.0,335.8
11.0,302.09090909090907
11.0,350.6363636363636
13.0,319.3076923076923
11.0,357.1818181818182
11.0,347.54545454545456
12.0,304.5833333333333
13.0,317.0769230769231
14.0,319.5
11.0,339.90909090909093
12.0,360.0
12.0,311.3333333333333
13.0,318.7692307692308
13.0,320.9230769230769
15.0,308.6666666666667
14.0,346.57142857142856
15.0,326.6
14.0,324.57142857142856
16.0,321.6875
13.0,305.2307692307692
14.0,330.92857142857144
14.0,323.2857142857143
13.0,342.61538461538464
13.0,341.61538461538464
12.0,336.8333333333333
8.0,342.0
8.0,318.0
11.0,339.54545454545456
11.0,363.3636363636364
12.0,330.75
12.0,353.9166666666667
12.0,337.0
12.0,322.9166666666667
11.0,339.0
12.0,294.0
12.0,296.0
14.0,285.7857142857143
13.0,298.46153846153845
13.0,289.3076923076923
12.0,343.0833333333333
14.0,261.2857142857143
14.0,306.5
14.0,268.92857142857144
15.0,325.8666666666667
15.0,277.1333333333333
17.0,308.0
17.0,254.7058823529412
17.0,282.52941176470586
18.0,284.3333333333333
18.0,292.6111111111111
18.0,279.5
17.0,289.3529411764706
16.0,263.125
14.0,302.64285714285717
14.0,294.7142857142857
13.0,298.84615384615387
13.0,287.0
13.0,318.15384615384613
14.0,284.14285714285717
10.0,325.9
11.0,286.6363636363636
9.0,307.1111111111111
10.0,299.1
11.0,318.27272727272725
10.0,280.3
9.0,311.22222222222223
11.0,251.9090909090909
14.0,295.57142857142856
13.0,290.46153846153845
14.0,302.92857142857144
13.0,284.84615384615387
13.0,336.6923076923077
12.0,302.5833333333333
13.0,310.0
13.0,270.7692307692308
12.0,309.5
12.0,300.25
11.0,317.45454545454544
10.0,314.1
10.0,284.1
10.0,280.5
9.0,325.44444444444446
9.0,283.8888888888889
9.0,316.1111111111111
8.0,265.875
9.0,342.8888888888889
9.0,289.8888888888889
8.0,313.375
8.0,255.375
9.0,305.3333333333333
9.0,287.0
8.0,312.375
10.0,307.5
12.0,321.5833333333333
13.0,292.46153846153845
12.0,324.25
9.0,256.1111111111111
10.0,326.9
13.0,293.3076923076923
12.0,330.5
16.0,232.125
16.0,302.5
16.0,279.25
14.0,315.0
16.0,273.25
16.0,337.4375
15.0,284.8666666666667
14.0,294.85714285714283
16.0,246.4375
15.0,307.1333333333333
15.0,264.3333333333333
16.0,346.0
17.0,255.88235294117646
18.0,338.8333333333333
17.0,267.94117647058823
17.0,311.29411764705884
17.0,253.8235294117647
17.0,330.29411764705884
17.0,302.52941176470586
13.0,330.38461538461536
15.0,275.73333333333335
16.0,339.8125
15.0,284.6666666666667
15.0,316.73333333333335
17.0,286.8235294117647
18.0,320.5
17.0,251.8235294117647
18.0,332.44444444444446
19.0,286.2105263157895
17.0,338.0
18.0,300.72222222222223
18.0,329.72222222222223
18.0,276.6666666666667
18.0,311.27777777777777
14.0,282.07142857142856
18.0,299.22222222222223
19.0,273.10526315789474
16.0,312.4375
16.0,277.8125
16.0,328.875
16.0,268.4375
15.0,318.73333333333335
16.0,281.8125
14.0,307.07142857142856
15.0,264.26666666666665
15.0,298.8666666666667
13.0,272.3076923076923
13.0,320.15384615384613
13.0,265.38461538461536
14.0,300.5
14.0,248.5
12.0,305.4166666666667
13.0,270.7692307692308
14.0,298.0
14.0,292.57142857142856
14.0,331.85714285714283
13.0,298.9230769230769
14.0,316.07142857142856
13.0,295.2307692307692
14.0,300.7142857142857
16.0,285.9375
14.0,300.92857142857144
15.0,290.26666666666665
13.0,301.0
12.0,215.0
12.0,291.9166666666667
12.0,296.0
13.0,331.9230769230769
14.0,287.07142857142856
13.0,312.7692307692308
12.0,281.0
10.0,329.2
10.0,298.9
11.0,314.54545454545456
10.0,280.4
14.0,290.35714285714283
13.0,268.46153846153845
12.0,326.3333333333333
13.0,270.53846153846155
13.0,341.0
10.0,281.4
9.0,282.22222222222223
11.0,272.90909090909093
12.0,313.8333333333333
12.0,259.25
12.0,310.75
12.0,296.0
7.0,354.85714285714283
9.0,253.33333333333334
11.0,327.54545454545456
10.0,273.2
11.0,340.3636363636364
12.0,293.9166666666667
14.0,330.85714285714283
14.0,283.2142857142857
12.0,271.75
13.0,274.53846153846155
13.0,309.0
12.0,305.3333333333333
10.0,326.8
11.0,268.3636363636364
11.0,324.54545454545456
11.0,256.8181818181818
12.0,303.75
13.0,275.0
10.0,313.0
11.0,321.27272727272725
15.0,318.46666666666664
16.0,279.0625
15.0,309.6
16.0,267.875
16.0,306.0
15.0,268.06666666666666
16.0,326.75
16.0,267.0
16.0,320.75
17.0,293.05882352941177
18.0,332.05555555555554
17.0,287.52941176470586
17.0,338.70588235294116
19.0,279.4736842105263
19.0,361.7368421052632
19.0,284.7368421052632
19.0,313.36842105263156
18.0,295.44444444444446
18.0,338.8888888888889
17.0,306.05882352941177
16.0,299.75
14.0,288.7857142857143
13.0,343.9230769230769
14.0,260.7142857142857
15.0,292.26666666666665
15.0,265.46666666666664
13.0,324.9230769230769
13.0,275.7692307692308
13.0,328.9230769230769
12.0,283.9166666666667
10.0,343.4
11.0,271.0
10.0,312.9
10.0,291.0
9.0,342.44444444444446
8.0,251.0
9.0,306.77777777777777
10.0,278.4
9.0,321.55555555555554
9.0,296.3333333333333
9.0,336.44444444444446
9.0,247.44444444444446
10.0,370.6
11.0,284.3636363636364
11.0,314.0
7.0,275.2857142857143
11.0,326.1818181818182
13.0,269.61538461538464
15.0,299.6
15.0,297.2
15.0,313.93333333333334
17.0,263.94117647058823
15.0,347.8
18.0,260.94444444444446
16.0,274.25
15.0,265.06666666666666
14.0,301.92857142857144
14.0,249.35714285714286
13.0,315.53846153846155
13.0,260.6923076923077
16.0,336.6875
14.0,279.57142857142856
14.0,323.7857142857143
15.0,283.3333333333333
16.0,304.1875
16.0,276.5625
17.0,325.29411764705884
15.0,249.6
15.0,270.1333333333333
15.0,278.8
18.0,286.94444444444446
18.0,313.6111111111111
17.0,323.94117647058823
17.0,268.47058823529414
16.0,306.0625
18.0,284.3333333333333
17.0,351.5882352941176
17.0,284.8235294117647
16.0,333.6875
16.0,272.0625
18.0,317.3333333333333
17.0,272.7647058823529
16.0,288.625
14.0,259.85714285714283
17.0,302.70588235294116
19.0,277.42105263157896
19.0,309.1578947368421
19.0,277.89473684210526
16.0,325.625
14.0,276.64285714285717
18.0,331.8333333333333
18.0,276.27777777777777
16.0,321.9375
16.0,288.9375
15.0,283.53333333333336
16.0,287.5625
15.0,305.1333333333333
15.0,280.46666666666664
14.0,306.7142857142857
12.0,267.8333333333333
13.0,341.0769230769231
14.0,257.57142857142856
13.0,326.15384615384613
12.0,316.0
10.0,342.5
7.0,286.0
8.0,306.625
9.0,222.22222222222223
9.0,308.1111111111111
9.0,274.1111111111111
9.0,295.1111111111111
9.0,270.6666666666667
12.0,317.0833333333333
11.0,291.45454545454544
10.0,349.2
11.0,319.8181818181818
10.0,318.2
11.0,254.0909090909091
10.0,298.1
10.0,287.9
11.0,323.0
11.0,298.72727272727275
11.0,332.6363636363636
12.0,296.4166666666667
10.0,331.0
9.0,270.77777777777777
10.0,321.4
10.0,306.4
9.0,326.8888888888889
12.0,297.4166666666667
11.0,311.45454545454544
12.0,281.1666666666667
10.0,314.1
10.0,257.7
11.0,293.8181818181818
13.0,290.9230769230769
12.0,327.6666666666667
12.0,259.9166666666667
15.0,311.2
15.0,285.26666666666665
15.0,327.3333333333333
14.0,295.35714285714283
12.0,298.3333333333333
10.0,265.0
12.0,290.5
10.0,270.4
12.0,301.0
11.0,277.72727272727275
11.0,301.0
11.0,291.8181818181818
10.0,324.0
8.0,278.5
7.0,309.2857142857143
9.0,253.55555555555554
8.0,321.25
9.0,265.55555555555554
9.0,328.44444444444446
12.0,244.33333333333334
12.0,333.6666666666667
12.0,307.0
11.0,319.72727272727275
10.0,262.3
11.0,310.54545454545456
10.0,291.6
10.0,330.8
9.0,287.77777777777777
11.0,311.27272727272725
11.0,251.9090909090909
12.0,311.4166666666667
12.0,286.5833333333333
12.0,318.5
12.0,288.1666666666667
13.0,326.15384615384613
14.0,303.7142857142857
14.0,336.14285714285717
15.0,300.4
15.0,335.53333333333336
12.0,293.25
13.0,335.7692307692308
13.0,253.53846153846155
14.0,303.7857142857143
16.0,275.0625
14.0,287.5
12.0,271.5833333333333
13.0,312.61538461538464
13.0,261.7692307692308
8.0,315.375
11.0,263.27272727272725
10.0,315.2
10.0,281.6
12.0,313.1666666666667
11.0,265.3636363636364
11.0,308.54545454545456
12.0,311.5833333333333
15.0,319.8
17.0,237.88235294117646
15.0,302.6
13.0,270.84615384615387
13.0,296.6923076923077
14.0,284.92857142857144
15.0,300.4
15.0,261.93333333333334
13.0,296.61538461538464
13.0,270.0769230769231
14.0,296.64285714285717
16.0,307.9375
15.0,334.8666666666667
15.0,285.46666666666664
17.0,297.05882352941177
14.0,263.64285714285717
16.0,311.125
16.0,278.25
15.0,302.0
16.0,225.3125
17.0,311.88235294117646
18.0,267.6666666666667
19.0,291.8421052631579
16.0,282.5
14.0,344.57142857142856
15.0,287.6
16.0,315.0
16.0,276.375
18.0,320.0
18.0,254.94444444444446
17.0,330.7647058823529
18.0,260.3333333333333
16.0,310.75
16.0,241.375
17.0,311.8235294117647
19.0,271.7368421052632
16.0,296.6875
19.0,286.7894736842105
20.0,297.75
19.0,274.10526315789474
18.0,331.22222222222223
19.0,277.2105263157895
20.0,293.75
19.0,258.7894736842105
19.0,327.36842105263156
18.0,257.0
18.0,318.1111111111111
17.0,277.8235294117647
18.0,321.55555555555554
17.0,237.7058823529412
18.0,309.72222222222223
19.0,277.4736842105263
19.0,312.94736842105266
20.0,284.5
20.0,353.75
20.0,263.55
20.0,319.7
21.0,280.1904761904762
20.0,311.6
20.0,276.85
19.0,317.10526315789474
15.0,271.3333333333333
14.0,294.5
14.0,299.07142857142856
15.0,328.93333333333334
15.0,311.6666666666667
15.0,287.3333333333333
14.0,284.92857142857144
12.0,301.9166666666667
14.0,279.35714285714283
14.0,328.7857142857143
16.0,281.3125
18.0,330.1666666666667
16.0,269.9375
15.0,338.46666666666664
14.0,290.07142857142856
15.0,311.6
15.0,260.2
14.0,298.92857142857144
16.0,289.0
14.0,307.5
13.0,271.3076923076923
14.0,305.57142857142856
16.0,263.4375
16.0,335.0
16.0,261.0625
14.0,326.07142857142856
12.0,270.8333333333333
12.0,348.6666666666667
13.0,303.7692307692308
13.0,323.3076923076923
15.0,292.3333333333333
16.0,329.5
16.0,283.8125
16.0,369.0
14.0,292.07142857142856
15.0,321.3333333333333
13.0,262.0
10.0,304.9
13.0,267.0769230769231
13.0,298.2307692307692
13.0,275.6923076923077
13.0,338.9230769230769
13.0,274.46153846153845
13.0,330.15384615384613
14.0,252.42857142857142
14.0,314.85714285714283
15.0,286.8666666666667
13.0,288.84615384615387
15.0,264.6
13.0,327.7692307692308
12.0,277.9166666666667
15.0,328.46666666666664
17.0,260.05882352941177
16.0,282.5625
15.0,275.4
14.0,330.7142857142857
14.0,279.7142857142857
16.0,316.1875
16.0,286.5625
15.0,291.6666666666667
14.0,265.2857142857143
14.0,302.7142857142857
12.0,291.0
11.0,334.8181818181818
12.0,282.5833333333333
13.0,358.61538461538464
13.0,275.53846153846155
11.0,304.6363636363636
13.0,298.0
12.0,313.1666666666667
11.0,334.6363636363636
11.0,378.8181818181818
10.0,338.6
8.0,383.5
9.0,348.44444444444446
8.0,447.125
8.0,265.125
10.0,331.0
11.0,288.72727272727275
12.0,307.5
15.0,268.93333333333334
17.0,293.2352941176471
15.0,255.33333333333334
17.0,334.94117647058823
15.0,308.6666666666667
15.0,321.3333333333333
17.0,282.88235294117646
16.0,283.875
15.0,273.6666666666667
14.0,311.7857142857143
14.0,327.57142857142856
14.0,325.57142857142856
13.0,346.38461538461536
14.0,324.85714285714283
13.0,344.9230769230769
12.0,318.75
11.0,344.0
10.0,327.0
11.0,331.27272727272725
12.0,312.0833333333333
9.0,336.44444444444446
11.0,310.90909090909093
11.0,318.8181818181818
11.0,334.1818181818182
11.0,342.8181818181818
11.0,324.0
12.0,330.5
11.0,313.09090909090907
11.0,301.45454545454544
12.0,313.9166666666667
9.0,326.3333333333333
9.0,347.22222222222223
9.0,313.3333333333333
7.0,322.14285714285717
7.0,340.14285714285717
10.0,348.3
11.0,358.72727272727275
11.0,311.45454545454544
11.0,320.8181818181818
10.0,334.1
10.0,332.8
10.0,350.6
11.0,334.3636363636364
12.0,336.8333333333333
12.0,287.9166666666667
10.0,308.4
9.0,367.1111111111111
9.0,338.22222222222223
9.0,310.44444444444446
8.0,304.875
9.0,337.0
11.0,322.8181818181818
9.0,320.8888888888889
12.0,335.4166666666667
14.0,330.5
13.0,301.53846153846155
14.0,284.0
13.0,343.0
13.0,325.7692307692308
14.0,303.2857142857143
15.0,345.73333333333335
14.0,331.0
14.0,310.14285714285717
13.0,325.6923076923077
14.0,326.85714285714283
13.0,307.84615384615387
11.0,329.45454545454544
10.0,321.7
9.0,375.0
9.0,340.0
10.0,344.6
11.0,312.09090909090907
12.0,302.3333333333333
10.0,332.0
9.0,351.0
9.0,322.55555555555554
11.0,307.3636363636364
12.0,343.0833333333333
10.0,311.7
11.0,341.90909090909093
12.0,348.8333333333333
10.0,352.2
12.0,334.8333333333333
10.0,334.6
10.0,334.8
12.0,335.8333333333333
12.0,336.5
11.0,338.45454545454544
11.0,326.54545454545456
11.0,325.90909090909093
11.0,319.6363636363636
13.0,332.6923076923077
13.0,353.53846153846155
12.0,355.0
11.0,338.09090909090907
13.0,349.7692307692308
12.0,289.75
13.0,308.7692307692308
14.0,338.2857142857143
14.0,322.07142857142856
12.0,334.3333333333333
14.0,331.5
12.0,337.9166666666667
13.0,319.2307692307692
13.0,340.53846153846155
13.0,348.46153846153845
15.0,365.8
14.0,302.42857142857144
15.0,340.93333333333334
15.0,310.26666666666665
14.0,346.35714285714283
12.0,328.5
13.0,348.15384615384613
13.0,345.15384615384613
14.0,316.2142857142857
16.0,314.875
14.0,311.64285714285717
14.0,336.5
16.0,358.3125
16.0,321.4375
15.0,323.8666666666667
15.0,297.06666666666666
15.0,345.6666666666667
14.0,332.57142857142856
14.0,328.0
13.0,325.15384615384613
13.0,309.9230769230769
13.0,314.15384615384613
14.0,355.07142857142856
16.0,342.125
15.0,342.2
16.0,316.4375
15.0,358.53333333333336
13.0,312.84615384615387
15.0,278.4
15.0,334.73333333333335
16.0,327.25
16.0,325.125
15.0,337.06666666666666
16.0,321.625
17.0,343.47058823529414
16.0,381.3125
16.0,341.75
16.0,342.6875
15.0,333.8666666666667
16.0,327.375
16.0,322.625
15.0,325.8666666666667
15.0,359.8
16.0,316.6875
15.0,346.8
15.0,315.0
15.0,296.8
16.0,340.6875
17.0,345.6470588235294
19.0,319.94736842105266
19.0,343.1578947368421
16.0,311.5
18.0,316.55555555555554
17.0,362.88235294117646
17.0,328.52941176470586
16.0,306.25
16.0,350.75
16.0,328.25
15.0,318.2
14.0,330.5
14.0,325.14285714285717
13.0,316.15384615384613
12.0,349.5833333333333
12.0,343.1666666666667
13.0,338.53846153846155
11.0,314.3636363636364
12.0,332.75
12.0,320.3333333333333
12.0,322.5833333333333
12.0,327.0
14.0,335.92857142857144
14.0,318.2857142857143
14.0,305.42857142857144
14.0,329.07142857142856
15.0,347.93333333333334
12.0,330.0
12.0,327.1666666666667
15.0,320.1333333333333
15.0,293.6666666666667
13.0,349.0
14.0,345.2142857142857
13.0,321.84615384615387
14.0,352.14285714285717
13.0,360.15384615384613
14.0,343.7142857142857
15.0,350.6666666666667
15.0,329.0
14.0,317.5
14.0,372.5
13.0,347.0769230769231
12.0,334.0
12.0,344.6666666666667
13.0,331.38461538461536
14.0,312.2857142857143
13.0,339.15384615384613
10.0,336.4
12.0,350.0
13.0,329.6923076923077
13.0,349.7692307692308
14.0,351.07142857142856
14.0,323.42857142857144
13.0,316.46153846153845
14.0,355.85714285714283
14.0,345.07142857142856
14.0,307.07142857142856
15.0,331.6
15.0,339.06666666666666
15.0,314.6
14.0,303.92857142857144
15.0,337.93333333333334
13.0,317.53846153846155
16.0,352.75
15.0,345.06666666666666
15.0,331.2
17.0,348.88235294117646
14.0,348.14285714285717
13.0,330.46153846153845
13.0,297.0
15.0,309.0
16.0,339.6875
15.0,354.73333333333335
13.0,328.2307692307692
12.0,350.75
13.0,324.7692307692308
14.0,339.92857142857144
15.0,359.2
11.0,342.72727272727275
12.0,373.25
13.0,328.53846153846155
11.0,349.72727272727275
11.0,372.90909090909093
12.0,315.75
11.0,343.09090909090907
13.0,339.53846153846155
14.0,346.0
12.0,302.5
11.0,326.8181818181818
14.0,343.2142857142857
11.0,298.54545454545456
11.0,336.0
13.0,331.2307692307692
14.0,325.0
14.0,299.07142857142856
14.0,330.7857142857143
13.0,321.84615384615387
14.0,314.64285714285717
12.0,336.0
12.0,349.75
12.0,319.25
12.0,321.3333333333333
13.0,316.46153846153845
13.0,328.46153846153845
12.0,348.0
12.0,330.3333333333333
11.0,316.45454545454544
9.0,332.77777777777777
9.0,336.1111111111111
9.0,320.6666666666667
11.0,350.8181818181818
11.0,360.3636363636364
13.0,311.15384615384613
12.0,322.3333333333333
10.0,301.9
9.0,343.8888888888889
10.0,324.9
11.0,347.54545454545456
11.0,318.1818181818182
13.0,339.61538461538464
14.0,314.42857142857144
15.0,341.2
15.0,311.4
15.0,321.8666666666667
17.0,321.47058823529414
18.0,323.94444444444446
15.0,334.2
16.0,350.8125
14.0,332.7857142857143
13.0,332.15384615384613
14.0,319.57142857142856
13.0,331.3076923076923
13.0,322.53846153846155
13.0,324.15384615384613
13.0,315.46153846153845
13.0,350.84615384615387
12.0,339.5833333333333
12.0,293.0833333333333
13.0,295.7692307692308
13.0,290.0
15.0,327.8
16.0,330.375
16.0,333.375
17.0,311.1764705882353
17.0,359.88235294117646
18.0,347.3888888888889
18.0,342.1666666666667
16.0,320.125
17.0,347.6470588235294
17.0,322.7647058823529
16.0,340.875
15.0,378.73333333333335
14.0,346.0
13.0,344.0769230769231
14.0,342.7142857142857
11.0,313.90909090909093
14.0,315.14285714285717
14.0,298.2857142857143
14.0,321.07142857142856
17.0,327.7647058823529
17.0,329.47058823529414
16.0,341.875
14.0,372.64285714285717
13.0,364.7692307692308
11.0,321.3636363636364
10.0,304.3
11.0,339.90909090909093
12.0,356.25
12.0,342.6666666666667
10.0,340.7
10.0,334.5
12.0,301.3333333333333
12.0,326.9166666666667
11.0,308.45454545454544
12.0,358.5833333333333
11.0,352.6363636363636
12.0,344.5
13.0,330.46153846153845
12.0,329.75
11.0,294.27272727272725
12.0,332.9166666666667
13.0,325.0769230769231
12.0,317.0833333333333
12.0,337.5
13.0,318.9230769230769
10.0,333.6
9.0,316.0
9.0,316.77777777777777
10.0,325.3
10.0,322.8
10.0,307.2
12.0,310.4166666666667
12.0,323.1666666666667
12.0,385.3333333333333
13.0,340.53846153846155
14.0,311.92857142857144
12.0,343.25
13.0,338.0769230769231
13.0,327.0
15.0,332.93333333333334
17.0,327.70588235294116
15.0,339.8
15.0,345.2
17.0,317.52941176470586
12.0,289.0833333333333
14.0,308.14285714285717
12.0,309.5833333333333
12.0,355.0
12.0,326.25
13.0,352.2307692307692
14.0,344.2857142857143
13.0,331.0
12.0,310.8333333333333
12.0,324.8333333333333
12.0,334.0833333333333
13.0,308.61538461538464
13.0,321.38461538461536
13.0,318.7692307692308
14.0,340.07142857142856
13.0,345.9230769230769
13.0,332.0
15.0,363.1333333333333
15.0,328.53333333333336
14.0,353.57142857142856
18.0,366.0
16.0,326.25
16.0,344.75
15.0,333.2
16.0,332.0
15.0,316.06666666666666
15.0,343.26666666666665
16.0,325.5
16.0,294.375
17.0,335.2352941176471
14.0,335.2142857142857
15.0,338.93333333333334
14.0,335.5
14.0,328.92857142857144
14.0,315.2857142857143
12.0,283.0
12.0,319.6666666666667
13.0,370.9230769230769
13.0,349.9230769230769
12.0,329.25
11.0,352.90909090909093
9.0,343.8888888888889
8.0,336.0
10.0,323.1
11.0,330.90909090909093
12.0,317.4166666666667
12.0,335.3333333333333
11.0,334.6363636363636
12.0,322.6666666666667
12.0,301.75
11.0,333.3636363636364
9.0,343.1111111111111
8.0,352.75
9.0,317.77777777777777
9.0,332.8888888888889
7.0,343.2857142857143
9.0,353.0
9.0,352.1111111111111
10.0,335.9
12.0,322.5
14.0,368.07142857142856
14.0,302.92857142857144
14.0,323.2142857142857
14.0,345.57142857142856
15.0,355.0
15.0,346.46666666666664
13.0,343.61538461538464
13.0,345.0
13.0,347.15384615384613
13.0,349.6923076923077
13.0,326.84615384615387
14.0,318.85714285714283
15.0,335.06666666666666
13.0,311.3076923076923
15.0,320.26666666666665
13.0,276.9230769230769
13.0,348.15384615384613
14.0,325.14285714285717
14.0,336.57142857142856
14.0,334.64285714285717
11.0,316.0
7.0,311.85714285714283
7.0,322.42857142857144
9.0,321.77777777777777
8.0,304.875
8.0,315.75
9.0,319.55555555555554
9.0,334.77777777777777
7.0,363.42857142857144
6.0,322.5
8.0,336.625
7.0,320.42857142857144
8.0,329.25
7.0,319.2857142857143
8.0,336.125
9.0,309.8888888888889
11.0,322.8181818181818
11.0,301.72727272727275
10.0,313.2
9.0,317.77777777777777
8.0,315.5
10.0,305.0
11.0,340.1818181818182
11.0,307.1818181818182
10.0,360.0
12.0,304.3333333333333
13.0,325.53846153846155
12.0,345.25
12.0,343.8333333333333
14.0,312.2142857142857
11.0,325.90909090909093
12.0,312.9166666666667
13.0,334.38461538461536
13.0,341.38461538461536
14.0,339.85714285714283
15.0,343.06666666666666
14.0,358.5
15.0,341.06666666666666
13.0,352.2307692307692
12.0,315.8333333333333
15.0,357.6666666666667
17.0,331.70588235294116
16.0,304.0625
15.0,297.93333333333334
14.0,297.07142857142856
14.0,317.2142857142857
13.0,322.0769230769231
13.0,311.7692307692308
12.0,319.4166666666667
11.0,316.1818181818182
11.0,328.45454545454544
11.0,330.0
10.0,333.5
12.0,319.75
13.0,366.7692307692308
14.0,342.64285714285717
15.0,345.0
15.0,342.3333333333333
14.0,335.07142857142856
13.0,303.46153846153845
13.0,316.0
12.0,321.5
14.0,351.57142857142856
11.0,317.45454545454544
13.0,299.9230769230769
14.0,351.5
13.0,359.84615384615387
11.0,308.1818181818182
9.0,319.77777777777777
10.0,369.8
11.0,361.45454545454544
11.0,334.8181818181818
13.0,365.84615384615387
12.0,345.9166666666667
12.0,357.5833333333333
12.0,331.4166666666667
13.0,312.0769230769231
13.0,349.46153846153845
12.0,305.8333333333333
11.0,283.54545454545456
11.0,269.0
9.0,329.77777777777777
10.0,289.0
10.0,296.9
7.0,274.2857142857143
8.0,296.625
10.0,258.6
12.0,331.3333333333333
13.0,294.15384615384613
12.0,313.3333333333333
11.0,304.3636363636364
12.0,305.25
12.0,303.5
15.0,341.93333333333334
15.0,285.93333333333334
16.0,321.9375
17.0,233.88235294117646
17.0,336.94117647058823
16.0,292.25
13.0,331.61538461538464
12.0,250.16666666666666
13.0,332.2307692307692
14.0,290.35714285714283
15.0,332.06666666666666
12.0,258.3333333333333
12.0,319.0833333333333
14.0,283.5
17.0,296.4117647058824
15.0,265.3333333333333
15.0,325.93333333333334
16.0,295.8125
15.0,288.8
14.0,262.7857142857143
14.0,335.42857142857144
15.0,295.8666666666667
13.0,313.0
15.0,248.0
15.0,313.2
14.0,291.57142857142856
15.0,312.46666666666664
15.0,279.06666666666666
12.0,318.6666666666667
14.0,299.5
13.0,312.9230769230769
13.0,253.0
15.0,300.53333333333336
13.0,262.46153846153845
15.0,305.0
14.0,256.7857142857143
14.0,303.7142857142857
16.0,257.375
17.0,322.94117647058823
15.0,250.4
15.0,298.26666666666665
14.0,288.42857142857144
15.0,302.8
10.0,290.0
12.0,306.25
14.0,273.5
12.0,346.8333333333333
12.0,288.1666666666667
16.0,312.5
17.0,281.47058823529414
18.0,298.8333333333333
18.0,256.77777777777777
18.0,302.6666666666667
15.0,271.6
17.0,313.6470588235294
16.0,288.25
15.0,302.73333333333335
16.0,274.125
16.0,334.25
17.0,273.05882352941177
18.0,338.27777777777777
17.0,299.2352941176471
16.0,316.5
16.0,258.1875
15.0,304.2
14.0,255.21428571428572
14.0,301.7857142857143
14.0,288.35714285714283
14.0,303.35714285714283
15.0,271.8
15.0,299.93333333333334
13.0,282.61538461538464
14.0,328.7142857142857
15.0,294.46666666666664
16.0,312.625
16.0,266.375
16.0,311.9375
16.0,292.4375
14.0,305.7142857142857
14.0,292.35714285714283
15.0,284.8666666666667
13.0,295.3076923076923
15.0,305.8666666666667
16.0,258.1875
13.0,290.0769230769231
16.0,267.5
17.0,296.05882352941177
17.0,266.3529411764706
16.0,322.25
15.0,251.2
13.0,305.61538461538464
16.0,283.6875
14.0,322.14285714285717
17.0,256.7647058823529
14.0,298.2142857142857
14.0,243.0
14.0,323.2142857142857
15.0,281.4
17.0,336.11764705882354
15.0,274.8
15.0,279.6
14.0,297.14285714285717
12.0,313.5833333333333
12.0,257.3333333333333
10.0,317.0
12.0,298.6666666666667
13.0,309.0
13.0,272.53846153846155
14.0,331.35714285714283
14.0,281.14285714285717
11.0,326.54545454545456
11.0,274.90909090909093
13.0,332.15384615384613
13.0,280.7692307692308
11.0,317.3636363636364
12.0,275.4166666666667
11.0,341.3636363636364
12.0,301.3333333333333
12.0,284.6666666666667
10.0,269.6
8.0,328.75
10.0,265.1
11.0,311.3636363636364
12.0,274.25
12.0,340.5833333333333
13.0,284.15384615384613
13.0,305.61538461538464
14.0,298.92857142857144
13.0,318.15384615384613
13.0,260.0769230769231
14.0,308.7857142857143
13.0,280.53846153846155
11.0,339.54545454545456
13.0,270.61538461538464
15.0,341.26666666666665
14.0,263.5
13.0,315.84615384615387
14.0,295.0
15.0,346.0
16.0,269.6875
14.0,312.5
13.0,270.53846153846155
13.0,337.6923076923077
13.0,277.15384615384613
13.0,317.0769230769231
14.0,294.5
17.0,335.4117647058824
17.0,250.2941176470588
18.0,303.0
18.0,306.5
19.0,321.89473684210526
18.0,289.5
18.0,332.94444444444446
19.0,283.2631578947368
18.0,314.94444444444446
16.0,251.3125
15.0,335.8
13.0,300.6923076923077
12.0,274.75
16.0,265.125
15.0,321.2
15.0,305.3333333333333
16.0,305.0
17.0,272.05882352941177
16.0,351.5
16.0,284.875
16.0,324.1875
16.0,253.75
14.0,314.0
12.0,316.8333333333333
11.0,342.45454545454544
12.0,251.91666666666666
13.0,282.6923076923077
11.0,284.09090909090907
14.0,315.35714285714283
14.0,283.35714285714283
15.0,327.0
13.0,297.6923076923077
11.0,319.90909090909093
14.0,277.7857142857143
13.0,316.61538461538464
13.0,263.61538461538464
15.0,292.46666666666664
15.0,290.4
13.0,320.61538461538464
13.0,261.0
14.0,321.64285714285717
14.0,269.85714285714283
15.0,311.53333333333336
16.0,299.8125
15.0,336.8
16.0,288.875
15.0,311.3333333333333
15.0,257.8
13.0,281.2307692307692
14.0,271.57142857142856
13.0,299.15384615384613
13.0,259.46153846153845
13.0,317.38461538461536
13.0,281.46153846153845
13.0,321.7692307692308
13.0,264.2307692307692
15.0,332.26666666666665
13.0,283.7692307692308
12.0,298.3333333333333
13.0,311.3076923076923
12.0,334.4166666666667
13.0,279.53846153846155
12.0,315.9166666666667
10.0,283.4
10.0,326.5
12.0,262.0833333333333
14.0,321.85714285714283
14.0,280.85714285714283
15.0,341.1333333333333
15.0,287.4
15.0,300.6666666666667
17.0,286.6470588235294
16.0,303.125
17.0,292.5882352941176
17.0,337.47058823529414
16.0,247.3125
15.0,324.93333333333334
14.0,257.07142857142856
14.0,306.64285714285717
14.0,270.7857142857143
16.0,333.125
16.0,306.1875
14.0,297.07142857142856
15.0,287.1333333333333
17.0,288.3529411764706
15.0,283.0
14.0,325.85714285714283
15.0,275.46666666666664
16.0,299.125
15.0,284.73333333333335
15.0,320.06666666666666
15.0,243.4
16.0,312.6875
14.0,284.2857142857143
13.0,336.6923076923077
15.0,298.1333333333333
14.0,308.0
14.0,263.2857142857143
11.0,308.45454545454544
13.0,276.61538461538464
15.0,281.93333333333334
17.0,271.47058823529414
16.0,331.1875
16.0,263.6875
15.0,309.1333333333333
15.0,283.93333333333334
16.0,282.375
17.0,270.8235294117647
17.0,314.3529411764706
17.0,284.52941176470586
18.0,309.8888888888889
13.0,250.92307692307693
12.0,304.9166666666667
15.0,280.26666666666665
13.0,336.15384615384613
13.0,299.0
16.0,308.5625
14.0,275.64285714285717
14.0,309.7142857142857
14.0,253.64285714285714
11.0,307.72727272727275
13.0,293.0769230769231
14.0,305.57142857142856
12.0,294.4166666666667
11.0,293.54545454545456
11.0,270.09090909090907
13.0,302.0769230769231
12.0,276.5833333333333
12.0,313.6666666666667
12.0,264.5
11.0,280.27272727272725
11.0,289.8181818181818
14.0,300.7142857142857
14.0,291.64285714285717
15.0,325.46666666666664
14.0,296.7142857142857
15.0,315.2
17.0,263.4117647058824
15.0,311.6
16.0,288.625
15.0,299.8
15.0,264.46666666666664
16.0,320.9375
15.0,283.1333333333333
14.0,309.2857142857143
13.0,260.2307692307692
13.0,288.61538461538464
13.0,303.38461538461536
13.0,338.2307692307692
13.0,297.0769230769231
14.0,328.64285714285717
15.0,294.6
11.0,326.72727272727275
13.0,284.38461538461536
11.0,320.27272727272725
12.0,247.0
13.0,298.53846153846155
13.0,293.0769230769231
13.0,352.15384615384613
11.0,311.1818181818182
11.0,327.8181818181818
12.0,264.0833333333333
15.0,325.06666666666666
12.0,264.25
13.0,316.15384615384613
14.0,265.35714285714283
13.0,334.38461538461536
12.0,262.6666666666667
12.0,305.0
14.0,291.85714285714283
14.0,348.0
13.0,256.6923076923077
14.0,280.64285714285717
15.0,272.53333333333336
15.0,317.8
16.0,253.75
16.0,297.5625
17.0,300.52941176470586
13.0,337.15384615384613
14.0,262.42857142857144
15.0,301.1333333333333
15.0,250.73333333333332
15.0,337.73333333333335
18.0,267.44444444444446
18.0,290.1111111111111
18.0,271.44444444444446
16.0,338.6875
15.0,284.0
17.0,304.47058823529414
17.0,284.11764705882354
16.0,321.4375
15.0,287.8
13.0,311.61538461538464
12.0,259.75
11.0,309.72727272727275
10.0,289.0
11.0,309.90909090909093
13.0,269.15384615384613
10.0,301.4
10.0,285.9
11.0,303.3636363636364
9.0,237.44444444444446
10.0,322.0
11.0,282.90909090909093
10.0,292.8
11.0,259.72727272727275
12.0,306.0833333333333
11.0,274.0
12.0,305.3333333333333
13.0,285.15384615384613
12.0,328.5
12.0,237.25
11.0,317.3636363636364
11.0,267.1818181818182
11.0,301.45454545454544
13.0,259.7692307692308
13.0,328.6923076923077
13.0,291.7692307692308
11.0,342.45454545454544
9.0,306.6666666666667
11.0,312.27272727272725
11.0,260.27272727272725
11.0,319.8181818181818
10.0,267.8
12.0,311.5833333333333
11.0,262.45454545454544
11.0,308.8181818181818
10.0,272.4
9.0,294.3333333333333
9.0,251.44444444444446
10.0,337.5
9.0,260.3333333333333
10.0,337.5
11.0,292.0
10.0,295.4
10.0,275.4
11.0,307.90909090909093
12.0,293.9166666666667
12.0,318.3333333333333
14.0,275.2142857142857
15.0,331.73333333333335
13.0,243.23076923076923
11.0,323.6363636363636
13.0,243.3846153846154
13.0,293.38461538461536
13.0,278.53846153846155
12.0,329.4166666666667
12.0,284.9166666666667
13.0,319.9230769230769
13.0,290.6923076923077
12.0,314.0833333333333
11.0,272.72727272727275
11.0,313.54545454545456
13.0,284.3076923076923
13.0,318.61538461538464
13.0,252.3846153846154
12.0,295.75
11.0,251.54545454545453
11.0,310.72727272727275
13.0,266.7692307692308
14.0,346.7857142857143
16.0,274.125
14.0,303.7857142857143
12.0,263.5
12.0,313.3333333333333
11.0,260.45454545454544
13.0,309.84615384615387
11.0,255.63636363636363
10.0,308.5
11.0,274.45454545454544
13.0,323.38461538461536
13.0,271.61538461538464
14.0,316.0
14.0,279.85714285714283
13.0,299.84615384615387
14.0,276.14285714285717
14.0,295.07142857142856
14.0,287.07142857142856
13.0,304.53846153846155
15.0,272.6
16.0,359.75
15.0,285.06666666666666
15.0,346.1333333333333
14.0,283.07142857142856
14.0,342.35714285714283
14.0,275.07142857142856
13.0,304.53846153846155
11.0,250.1818181818182
11.0,288.09090909090907
9.0,282.55555555555554
9.0,299.77777777777777
10.0,244.6
14.0,368.57142857142856
13.0,320.0
15.0,338.93333333333334
13.0,269.7692307692308
13.0,314.3076923076923
15.0,248.86666666666667
14.0,292.92857142857144
13.0,276.84615384615387
13.0,322.0769230769231
13.0,287.53846153846155
11.0,330.0
6.0,286.6666666666667
8.0,295.25
9.0,266.0
8.0,292.75
10.0,253.7
12.0,313.75
12.0,232.58333333333334
14.0,297.92857142857144
12.0,254.91666666666666
13.0,322.61538461538464
13.0,289.3076923076923
12.0,341.0
14.0,272.7857142857143
15.0,323.26666666666665
14.0,249.35714285714286
12.0,316.6666666666667
11.0,273.3636363636364
12.0,334.6666666666667
12.0,260.5
12.0,302.5
12.0,282.0833333333333
13.0,319.15384615384613
14.0,275.85714285714283
14.0,320.57142857142856
12.0,272.25
15.0,268.6
16.0,275.875
16.0,323.3125
16.0,292.875
17.0,328.88235294117646
16.0,266.5625
17.0,319.05882352941177
15.0,292.73333333333335
15.0,326.1333333333333
16.0,355.3125
15.0,396.46666666666664
13.0,354.2307692307692
13.0,376.7692307692308
14.0,347.2857142857143
14.0,420.57142857142856
13.0,302.38461538461536
11.0,315.27272727272725
14.0,269.35714285714283
15.0,340.4
15.0,291.53333333333336
15.0,359.73333333333335
15.0,313.0
14.0,331.0
13.0,334.3076923076923
16.0,327.0625
17.0,319.11764705882354
14.0,323.2857142857143
15.0,324.73333333333335
14.0,320.42857142857144
14.0,358.64285714285717
14.0,324.7857142857143
13.0,350.84615384615387
11.0,315.8181818181818
11.0,337.90909090909093
13.0,308.84615384615387
15.0,326.0
14.0,347.2857142857143
15.0,339.2
13.0,332.15384615384613
12.0,308.6666666666667
13.0,348.0769230769231
15.0,343.06666666666666
14.0,319.64285714285717
14.0,308.0
14.0,317.2142857142857
14.0,307.35714285714283
16.0,312.4375
15.0,318.4
14.0,316.85714285714283
14.0,317.92857142857144
14.0,344.92857142857144
15.0,330.0
14.0,350.7857142857143
14.0,318.14285714285717
17.0,334.88235294117646
17.0,308.11764705882354
17.0,321.94117647058823
18.0,351.3333333333333
16.0,317.0
14.0,342.7142857142857
12.0,313.0833333333333
13.0,325.15384615384613
12.0,319.4166666666667
12.0,289.25
12.0,336.9166666666667
12.0,333.4166666666667
12.0,337.3333333333333
9.0,297.77777777777777
8.0,305.0
7.0,320.42857142857144
8.0,298.875
8.0,303.5
6.0,303.8333333333333
8.0,320.0
8.0,313.75
9.0,347.44444444444446
10.0,341.7
10.0,327.7
10.0,345.1
10.0,287.0
11.0,331.1818181818182
11.0,314.1818181818182
10.0,327.3
11.0,341.54545454545456
9.0,371.77777777777777
10.0,349.8
8.0,332.5
10.0,330.5
10.0,341.2
10.0,313.4
9.0,318.22222222222223
8.0,341.25
9.0,341.6666666666667
11.0,338.0
10.0,356.3
10.0,369.1
11.0,335.09090909090907
14.0,323.35714285714283
14.0,334.14285714285717
13.0,335.15384615384613
11.0,334.09090909090907
13.0,352.3076923076923
14.0,318.42857142857144
15.0,339.6
13.0,351.0
13.0,311.46153846153845
13.0,284.7692307692308
12.0,318.75
12.0,323.9166666666667
13.0,342.0769230769231
13.0,330.61538461538464
11.0,353.09090909090907
10.0,342.5
10.0,342.5
11.0,306.45454545454544
11.0,353.0
11.0,332.6363636363636
12.0,312.1666666666667
11.0,335.27272727272725
11.0,336.6363636363636
10.0,348.3
10.0,330.4
10.0,289.2
13.0,306.38461538461536
15.0,320.3333333333333
14.0,306.35714285714283
13.0,308.0
15.0,345.8
13.0,334.53846153846155
13.0,314.9230769230769
11.0,324.54545454545456
12.0,349.3333333333333
11.0,304.6363636363636
10.0,363.6
11.0,330.54545454545456
11.0,345.27272727272725
12.0,289.0
12.0,334.8333333333333
11.0,311.72727272727275
10.0,318.3
10.0,311.8
9.0,331.0
11.0,313.0
11.0,329.27272727272725
12.0,343.5
11.0,343.90909090909093
10.0,335.0
11.0,336.90909090909093
11.0,335.8181818181818
15.0,318.2
15.0,323.1333333333333
15.0,310.93333333333334
16.0,328.6875
16.0,341.5
14.0,320.2857142857143
13.0,323.6923076923077
11.0,335.90909090909093
12.0,342.1666666666667
10.0,331.1
12.0,350.9166666666667
14.0,314.92857142857144
12.0,329.5
12.0,316.6666666666667
12.0,347.1666666666667
14.0,324.2142857142857
14.0,335.85714285714283
13.0,319.9230769230769
14.0,343.5
13.0,332.7692307692308
13.0,325.0769230769231
13.0,319.46153846153845
14.0,322.57142857142856
12.0,333.3333333333333
10.0,350.4
11.0,340.72727272727275
10.0,341.0
10.0,333.8
10.0,344.6
10.0,317.8
10.0,323.9
12.0,347.4166666666667
12.0,347.3333333333333
12.0,326.5833333333333
14.0,335.64285714285717
15.0,309.8666666666667
14.0,313.42857142857144
14.0,337.7142857142857
15.0,332.26666666666665
16.0,300.75
14.0,321.85714285714283
16.0,324.0
16.0,307.6875
15.0,343.6666666666667
15.0,329.26666666666665
16.0,350.125
17.0,308.11764705882354
19.0,342.63157894736844
20.0,312.3
19.0,312.7894736842105
17.0,351.94117647058823
15.0,345.1333333333333
14.0,315.0
17.0,342.2352941176471
16.0,334.25
16.0,327.8125
17.0,321.6470588235294
18.0,340.8333333333333
17.0,342.0
16.0,326.5625
16.0,308.25
14.0,323.5
13.0,350.38461538461536
18.0,301.44444444444446
18.0,347.8333333333333
16.0,319.8125
18.0,326.3333333333333
19.0,336.2105263157895
18.0,326.1111111111111
16.0,327.0
16.0,296.0625
17.0,316.1764705882353
17.0,335.5882352941176
17.0,308.47058823529414
16.0,334.375
14.0,296.64285714285717
12.0,334.6666666666667
11.0,296.1818181818182
11.0,308.27272727272725
15.0,327.06666666666666
15.0,307.46666666666664
16.0,323.8125
14.0,328.92857142857144
12.0,347.5
13.0,328.38461538461536
12.0,289.0833333333333
14.0,300.42857142857144
14.0,318.92857142857144
15.0,341.73333333333335
12.0,325.9166666666667
13.0,321.2307692307692
13.0,331.61538461538464
12.0,332.1666666666667
14.0,345.14285714285717
14.0,325.7857142857143
12.0,325.0833333333333
11.0,322.90909090909093
10.0,319.2
10.0,339.0
14.0,307.7142857142857
14.0,321.7857142857143
14.0,310.07142857142856
13.0,332.38461538461536
14.0,306.64285714285717
15.0,340.6666666666667
14.0,312.85714285714283
13.0,279.2307692307692
12.0,321.9166666666667
11.0,335.1818181818182
13.0,344.2307692307692
13.0,325.9230769230769
12.0,357.5833333333333
14.0,319.14285714285717
12.0,295.4166666666667
12.0,309.75
13.0,320.53846153846155
11.0,353.09090909090907
12.0,330.1666666666667
13.0,303.6923076923077
14.0,304.2857142857143
12.0,337.0833333333333
12.0,314.1666666666667
10.0,347.0
11.0,334.09090909090907
10.0,316.3
12.0,350.6666666666667
10.0,306.3
12.0,329.25
13.0,343.38461538461536
13.0,300.84615384615387
13.0,327.3076923076923
13.0,303.61538461538464
13.0,293.0769230769231
14.0,324.85714285714283
13.0,335.53846153846155
11.0,309.6363636363636
12.0,340.5
14.0,313.0
13.0,314.38461538461536
11.0,320.3636363636364
12.0,336.25
13.0,322.7692307692308
11.0,378.72727272727275
14.0,322.85714285714283
14.0,341.35714285714283
14.0,327.14285714285717
13.0,320.6923076923077
12.0,324.75
13.0,319.15384615384613
11.0,337.45454545454544
10.0,330.7
10.0,352.0
12.0,325.8333333333333
14.0,330.2142857142857
13.0,318.3076923076923
14.0,290.42857142857144
14.0,320.2142857142857
16.0,332.5625
16.0,368.9375
14.0,322.35714285714283
13.0,340.15384615384613
13.0,318.15384615384613
13.0,338.9230769230769
11.0,327.90909090909093
13.0,358.61538461538464
13.0,343.2307692307692
12.0,315.5833333333333
12.0,316.3333333333333
12.0,334.75
13.0,325.0769230769231
15.0,314.6
14.0,325.7142857142857
13.0,362.46153846153845
13.0,316.3076923076923
13.0,326.7692307692308
14.0,348.14285714285717
15.0,335.26666666666665
14.0,331.42857142857144
16.0,369.1875
17.0,314.47058823529414
15.0,313.8666666666667
18.0,319.1666666666667
16.0,338.75
15.0,321.6
14.0,343.92857142857144
14.0,341.14285714285717
14.0,340.14285714285717
13.0,325.53846153846155
14.0,355.7857142857143
13.0,315.3076923076923
15.0,334.2
15.0,317.8
15.0,328.2
15.0,357.0
14.0,321.57142857142856
15.0,330.4
14.0,329.2857142857143
14.0,353.64285714285717
15.0,336.93333333333334
17.0,320.1764705882353
16.0,317.5625
15.0,359.3333333333333
12.0,357.1666666666667
12.0,309.1666666666667
13.0,334.15384615384613
13.0,334.84615384615387
12.0,314.4166666666667
13.0,333.7692307692308
14.0,302.07142857142856
12.0,336.5833333333333
14.0,344.2142857142857
14.0,321.42857142857144
12.0,326.3333333333333
13.0,335.0
14.0,338.2857142857143
12.0,304.1666666666667
13.0,319.6923076923077
11.0,283.1818181818182
13.0,312.2307692307692
14.0,286.85714285714283
15.0,328.73333333333335
15.0,309.1333333333333
15.0,336.93333333333334
12.0,330.1666666666667
11.0,315.09090909090907
15.0,338.8666666666667
13.0,340.0
13.0,317.38461538461536
14.0,341.2857142857143
13.0,352.53846153846155
15.0,367.3333333333333
16.0,348.6875
14.0,342.2142857142857
13.0,347.53846153846155
14.0,346.07142857142856
19.0,347.0
18.0,323.55555555555554
17.0,307.11764705882354
16.0,346.625
15.0,348.06666666666666
13.0,339.6923076923077
15.0,305.8
15.0,308.0
14.0,322.5
14.0,338.07142857142856
14.0,322.5
14.0,331.42857142857144
14.0,359.42857142857144
13.0,357.84615384615387
13.0,363.38461538461536
12.0,337.0833333333333
13.0,338.46153846153845
13.0,319.9230769230769
12.0,320.8333333333333
14.0,335.57142857142856
13.0,328.2307692307692
11.0,352.90909090909093
10.0,328.6
11.0,347.8181818181818
12.0,333.0
11.0,327.09090909090907
11.0,327.8181818181818
12.0,319.6666666666667
10.0,318.5
11.0,329.8181818181818
12.0,325.8333333333333
13.0,321.3076923076923
13.0,332.9230769230769
13.0,352.84615384615387
13.0,312.0769230769231
14.0,334.7857142857143
15.0,322.8666666666667
14.0,346.42857142857144
13.0,327.38461538461536
12.0,289.3333333333333
13.0,327.84615384615387
13.0,329.15384615384613
11.0,316.27272727272725
10.0,316.7
9.0,326.55555555555554
8.0,374.375
8.0,323.75
10.0,350.6
10.0,313.1
10.0,337.3
9.0,297.6666666666667
10.0,354.8
12.0,334.75
13.0,332.53846153846155
15.0,321.8
13.0,317.53846153846155
13.0,321.9230769230769
15.0,334.8
18.0,346.94444444444446
18.0,342.27777777777777
15.0,302.53333333333336
11.0,308.6363636363636
13.0,327.84615384615387
15.0,356.8666666666667
13.0,343.3076923076923
13.0,358.7692307692308
14.0,318.7142857142857
11.0,317.1818181818182
12.0,347.1666666666667
11.0,341.6363636363636
11.0,323.8181818181818
12.0,318.5833333333333
10.0,301.3
11.0,284.90909090909093
13.0,293.7692307692308
11.0,329.8181818181818
11.0,336.3636363636364
12.0,330.5
13.0,309.0769230769231
11.0,330.27272727272725
11.0,315.6363636363636
11.0,360.6363636363636
11.0,331.72727272727275
9.0,346.55555555555554
9.0,336.55555555555554
10.0,358.3
11.0,333.8181818181818
12.0,332.75
13.0,298.6923076923077
15.0,322.8666666666667
18.0,342.8888888888889
17.0,308.2352941176471
16.0,322.3125
15.0,321.46666666666664
16.0,303.375
13.0,334.0
12.0,330.0
13.0,312.0
13.0,304.7692307692308
12.0,344.25
15.0,299.8
16.0,308.3125
16.0,320.375
15.0,299.53333333333336
17.0,326.0
17.0,327.05882352941177
18.0,335.6666666666667
16.0,337.375
15.0,328.93333333333334
16.0,337.6875
16.0,347.0625
16.0,332.5625
15.0,345.3333333333333
12.0,363.0
13.0,344.53846153846155
12.0,348.75
12.0,341.5833333333333
11.0,323.45454545454544
11.0,310.72727272727275
10.0,336.3
9.0,338.22222222222223
9.0,330.6666666666667
9.0,324.22222222222223
10.0,290.8
12.0,314.5833333333333
11.0,309.0
10.0,316.7
11.0,323.45454545454544
11.0,306.27272727272725
12.0,290.8333333333333
12.0,352.5833333333333
12.0,333.5833333333333
11.0,348.3636363636364
10.0,339.9
11.0,329.8181818181818
12.0,321.0833333333333
11.0,322.1818181818182
11.0,312.90909090909093
11.0,322.8181818181818
10.0,316.1
10.0,328.2
12.0,323.6666666666667
11.0,356.1818181818182
10.0,353.4
11.0,331.45454545454544
14.0,331.0
15.0,289.73333333333335
16.0,288.0625
16.0,288.625
13.0,346.61538461538464
12.0,359.75
13.0,312.9230769230769
13.0,322.0769230769231
15.0,305.06666666666666
15.0,324.06666666666666
14.0,272.5
13.0,298.38461538461536
12.0,259.9166666666667
11.0,333.6363636363636
10.0,270.5
11.0,306.90909090909093
13.0,273.84615384615387
13.0,302.3076923076923
12.0,225.08333333333334
13.0,325.9230769230769
14.0,295.2857142857143
14.0,305.2142857142857
14.0,266.07142857142856
13.0,309.15384615384613
12.0,288.1666666666667
11.0,293.0
11.0,285.1818181818182
12.0,347.5833333333333
11.0,271.8181818181818
11.0,290.8181818181818
11.0,269.90909090909093
12.0,307.4166666666667
12.0,269.8333333333333
13.0,302.9230769230769
13.0,286.7692307692308
12.0,307.0833333333333
13.0,264.7692307692308
15.0,319.53333333333336
15.0,305.8666666666667
14.0,329.42857142857144
11.0,263.45454545454544
10.0,329.6
12.0,300.5
12.0,327.25
13.0,312.61538461538464
15.0,332.26666666666665
14.0,297.64285714285717
11.0,310.54545454545456
11.0,296.27272727272725
11.0,308.27272727272725
11.0,281.90909090909093
13.0,321.15384615384613
15.0,277.6666666666667
15.0,314.2
12.0,279.25
14.0,309.35714285714283
15.0,265.0
13.0,333.0769230769231
14.0,270.2142857142857
16.0,304.4375
13.0,275.15384615384613
13.0,302.84615384615387
13.0,273.84615384615387
14.0,330.2857142857143
14.0,251.92857142857142
13.0,310.6923076923077
13.0,275.84615384615387
12.0,316.0833333333333
12.0,261.75
11.0,316.09090909090907
12.0,281.9166666666667
12.0,310.4166666666667
11.0,268.8181818181818
12.0,292.5833333333333
14.0,270.85714285714283
15.0,337.53333333333336
14.0,288.92857142857144
13.0,300.0
11.0,263.3636363636364
13.0,308.84615384615387
14.0,260.7857142857143
14.0,317.7857142857143
11.0,285.27272727272725
7.0,299.0
9.0,302.0
8.0,319.5
8.0,266.625
8.0,324.75
10.0,290.4
10.0,299.4
9.0,265.1111111111111
8.0,296.25
10.0,280.2
11.0,314.3636363636364
11.0,284.8181818181818
13.0,306.7692307692308
13.0,256.61538461538464
15.0,313.1333333333333
13.0,298.7692307692308
15.0,300.06666666666666
15.0,249.26666666666668
14.0,320.2857142857143
14.0,294.2142857142857
14.0,322.5
15.0,268.93333333333334
15.0,311.6
16.0,294.875
17.0,301.70588235294116
15.0,299.6666666666667
14.0,364.57142857142856
14.0,257.85714285714283
15.0,287.3333333333333
13.0,288.6923076923077
12.0,324.8333333333333
11.0,281.0
11.0,301.1818181818182
10.0,263.1
10.0,298.0
10.0,287.8
12.0,336.5833333333333
11.0,288.27272727272725
11.0,319.09090909090907
10.0,259.2
11.0,336.90909090909093
9.0,284.3333333333333
9.0,295.77777777777777
10.0,288.2
11.0,330.1818181818182
9.0,293.77777777777777
9.0,295.3333333333333
10.0,282.8
10.0,332.9
11.0,271.3636363636364
11.0,294.6363636363636
13.0,270.9230769230769
12.0,299.8333333333333
9.0,235.88888888888889
10.0,282.5
11.0,249.36363636363637
12.0,312.8333333333333
13.0,263.61538461538464
13.0,298.38461538461536
14.0,288.7142857142857
14.0,297.57142857142856
15.0,280.3333333333333
14.0,331.35714285714283
13.0,307.3076923076923
12.0,326.1666666666667
11.0,266.6363636363636
14.0,322.85714285714283
17.0,257.2352941176471
15.0,310.4
18.0,265.8888888888889
17.0,312.70588235294116
16.0,252.0625
15.0,276.2
15.0,273.8666666666667
16.0,356.8125
13.0,288.2307692307692
15.0,325.6666666666667
14.0,291.42857142857144
13.0,339.61538461538464
15.0,294.8666666666667
12.0,324.25
10.0,289.7
11.0,324.90909090909093
11.0,280.54545454545456
10.0,294.8
10.0,273.5
11.0,284.72727272727275
10.0,278.4
11.0,306.09090909090907
11.0,297.0
11.0,328.09090909090907
9.0,263.6666666666667
10.0,334.6
10.0,258.3
10.0,282.3
12.0,259.9166666666667
13.0,315.6923076923077
13.0,262.38461538461536
14.0,298.5
15.0,284.4
12.0,313.0
14.0,275.35714285714283
15.0,323.0
16.0,275.9375
15.0,316.06666666666666
16.0,278.9375
16.0,306.1875
17.0,288.88235294117646
16.0,346.3125
16.0,299.5625
13.0,302.61538461538464
13.0,314.46153846153845
14.0,303.7857142857143
15.0,313.26666666666665
14.0,324.0
15.0,268.1333333333333
12.0,322.6666666666667
9.0,286.0
6.0,272.5
9.0,273.55555555555554
10.0,326.4
8.0,269.875
9.0,288.22222222222223
10.0,271.0
9.0,289.3333333333333
9.0,288.8888888888889
10.0,294.3
10.0,282.5
9.0,318.22222222222223
9.0,248.0
10.0,323.1
10.0,259.6
9.0,298.22222222222223
8.0,271.75
8.0,318.25
8.0,275.375
8.0,342.875
9.0,255.55555555555554
10.0,317.4
11.0,296.0
12.0,333.3333333333333
12.0,308.5833333333333
12.0,337.5833333333333
11.0,273.27272727272725
13.0,313.46153846153845
14.0,284.92857142857144
11.0,312.6363636363636
11.0,308.6363636363636
12.0,317.1666666666667
14.0,258.2857142857143
13.0,317.9230769230769
12.0,304.5833333333333
12.0,312.8333333333333
11.0,270.72727272727275
12.0,339.0
11.0,306.45454545454544
14.0,370.5
16.0,269.5625
16.0,320.1875
16.0,289.0
14.0,314.92857142857144
14.0,292.2857142857143
15.0,326.53333333333336
14.0,244.85714285714286
12.0,308.1666666666667
13.0,276.84615384615387
15.0,310.6
17.0,277.88235294117646
17.0,312.5882352941176
16.0,268.5625
17.0,304.4117647058824
15.0,250.53333333333333
14.0,318.64285714285717
14.0,266.42857142857144
15.0,331.2
17.0,279.47058823529414
15.0,298.06666666666666
14.0,271.0
15.0,330.4
17.0,271.88235294117646
15.0,320.46666666666664
14.0,295.0
13.0,278.61538461538464
14.0,302.42857142857144
12.0,312.75
14.0,257.57142857142856
16.0,305.875
15.0,276.53333333333336
15.0,292.46666666666664
14.0,262.35714285714283
14.0,291.85714285714283
12.0,274.9166666666667
13.0,312.7692307692308
13.0,256.7692307692308
11.0,334.8181818181818
11.0,249.54545454545453
12.0,316.5
11.0,265.8181818181818
10.0,310.8
12.0,266.0
10.0,290.3
10.0,276.4
13.0,307.7692307692308
13.0,278.0
13.0,288.38461538461536
13.0,236.92307692307693
13.0,338.0
13.0,273.6923076923077
12.0,310.0833333333333
11.0,271.09090909090907
12.0,320.8333333333333
13.0,275.0
14.0,308.7142857142857
14.0,253.5
13.0,318.53846153846155
11.0,253.72727272727272
13.0,309.7692307692308
12.0,242.58333333333334
12.0,322.6666666666667
11.0,262.27272727272725
11.0,307.90909090909093
11.0,249.72727272727272
12.0,305.8333333333333
12.0,279.0833333333333
11.0,347.8181818181818
12.0,274.3333333333333
14.0,336.07142857142856
14.0,240.85714285714286
14.0,300.64285714285717
16.0,287.4375
14.0,308.2857142857143
13.0,286.61538461538464
13.0,331.3076923076923
14.0,262.85714285714283
14.0,309.85714285714283
10.0,244.5
12.0,335.0833333333333
13.0,292.53846153846155
12.0,322.1666666666667
13.0,290.84615384615387
14.0,316.0
14.0,272.7857142857143
14.0,316.07142857142856
12.0,241.08333333333334
13.0,319.0769230769231
15.0,267.8
14.0,292.07142857142856
14.0,262.0
13.0,306.6923076923077
14.0,317.85714285714283
14.0,319.85714285714283
14.0,284.64285714285717
14.0,310.64285714285717
12.0,283.3333333333333
10.0,323.9
13.0,303.3076923076923
13.0,312.6923076923077
15.0,252.73333333333332
15.0,321.3333333333333
14.0,279.2857142857143
11.0,298.6363636363636
12.0,274.6666666666667
13.0,325.9230769230769
15.0,292.3333333333333
14.0,333.7142857142857
14.0,277.7142857142857
15.0,294.06666666666666
15.0,307.8
14.0,297.14285714285717
12.0,268.1666666666667
12.0,287.1666666666667
12.0,291.25
14.0,339.42857142857144
11.0,280.45454545454544
14.0,324.2142857142857
15.0,309.26666666666665
16.0,295.125
14.0,251.71428571428572
13.0,277.38461538461536
12.0,264.75
16.0,308.875
16.0,281.5625
15.0,321.6
15.0,288.1333333333333
15.0,316.73333333333335
14.0,256.7857142857143
15.0,304.3333333333333
14.0,311.42857142857144
16.0,311.25
16.0,252.0625
17.0,316.29411764705884
17.0,285.2352941176471
15.0,302.8666666666667
14.0,291.14285714285717
16.0,328.3125
14.0,242.07142857142858
12.0,319.5833333333333
12.0,255.0
12.0,332.25
14.0,273.42857142857144
14.0,354.64285714285717
12.0,269.5833333333333
13.0,286.84615384615387
15.0,290.26666666666665
15.0,295.06666666666666
15.0,277.26666666666665
14.0,316.7142857142857
13.0,284.0
14.0,312.07142857142856
15.0,277.93333333333334
13.0,299.84615384615387
12.0,265.9166666666667
11.0,317.1818181818182
11.0,248.45454545454547
10.0,311.4
8.0,265.875
11.0,321.3636363636364
14.0,282.0
14.0,334.35714285714283
14.0,274.14285714285717
13.0,317.84615384615387
14.0,250.85714285714286
15.0,306.3333333333333
15.0,285.53333333333336
14.0,344.07142857142856
13.0,293.15384615384613
14.0,323.57142857142856
14.0,316.14285714285717
13.0,262.53846153846155
15.0,284.93333333333334
15.0,303.06666666666666
15.0,277.8
14.0,302.2142857142857
14.0,280.5
14.0,330.42857142857144
15.0,310.26666666666665
15.0,324.3333333333333
15.0,270.73333333333335
15.0,306.53333333333336
14.0,307.2142857142857
18.0,337.44444444444446
18.0,282.55555555555554
17.0,301.0
16.0,276.625
17.0,318.11764705882354
17.0,291.70588235294116
16.0,304.5
16.0,222.0
15.0,315.4
14.0,314.14285714285717
16.0,340.125
14.0,266.2142857142857
13.0,326.0769230769231
16.0,298.625
16.0,356.125
16.0,284.8125
18.0,299.27777777777777
18.0,270.5
13.0,294.46153846153845
15.0,278.6
16.0,307.3125
15.0,303.26666666666665
14.0,323.7142857142857
14.0,272.0
11.0,314.72727272727275
10.0,266.8
14.0,333.5
16.0,282.5625
14.0,304.85714285714283
13.0,269.53846153846155
14.0,302.7857142857143
14.0,284.7142857142857
12.0,318.5833333333333
12.0,280.4166666666667
13.0,321.0
12.0,280.25
8.0,306.25
11.0,268.90909090909093
12.0,323.75
12.0,297.5
12.0,332.5
12.0,300.5
11.0,304.1818181818182
11.0,295.72727272727275
12.0,307.9166666666667
13.0,271.6923076923077
12.0,304.1666666666667
13.0,269.15384615384613
14.0,287.07142857142856
12.0,271.75
11.0,301.8181818181818
13.0,276.61538461538464
12.0,287.5833333333333
10.0,284.8
10.0,328.7
11.0,290.90909090909093
10.0,324.9
12.0,273.3333333333333
13.0,284.6923076923077
13.0,251.84615384615384
12.0,332.4166666666667
13.0,292.46153846153845
11.0,308.90909090909093
13.0,256.15384615384613
18.0,307.3333333333333
18.0,247.05555555555554
18.0,324.3333333333333
19.0,289.36842105263156
18.0,305.27777777777777
16.0,273.0
15.0,297.1333333333333
18.0,269.05555555555554
16.0,308.125
17.0,252.47058823529412
14.0,327.85714285714283
16.0,268.0
17.0,303.52941176470586
15.0,267.4
14.0,339.7142857142857
14.0,276.14285714285717
14.0,304.35714285714283
15.0,324.0
15.0,376.53333333333336
15.0,373.53333333333336
15.0,379.6666666666667
15.0,335.0
13.0,392.15384615384613
14.0,299.64285714285717
16.0,333.4375
15.0,266.0
13.0,332.0769230769231
13.0,285.0769230769231
16.0,320.1875
13.0,284.9230769230769
15.0,319.0
15.0,316.6666666666667
17.0,319.6470588235294
17.0,311.4117647058824
17.0,324.3529411764706
15.0,305.2
13.0,368.15384615384613
13.0,339.2307692307692
14.0,335.64285714285717
12.0,334.5833333333333
13.0,324.46153846153845
14.0,347.14285714285717
13.0,336.0
9.0,353.22222222222223
8.0,339.125
9.0,346.77777777777777
9.0,349.22222222222223
9.0,310.55555555555554
8.0,336.875
8.0,315.25
10.0,318.1
11.0,343.8181818181818
11.0,305.3636363636364
10.0,354.2
10.0,300.0
8.0,321.875
8.0,328.25
9.0,339.1111111111111
8.0,347.125
7.0,307.42857142857144
7.0,332.0
7.0,320.2857142857143
7.0,288.42857142857144
8.0,327.0
8.0,318.875
7.0,365.85714285714283
7.0,340.42857142857144
6.0,327.3333333333333
6.0,325.8333333333333
7.0,329.7142857142857
8.0,326.0
8.0,329.25
8.0,341.25
10.0,329.5
11.0,355.0
12.0,351.5833333333333
11.0,351.72727272727275
12.0,341.75
10.0,312.4
10.0,319.2
10.0,296.0
9.0,338.22222222222223
15.0,329.93333333333334
13.0,317.84615384615387
14.0,330.7857142857143
15.0,338.73333333333335
17.0,368.3529411764706
19.0,350.3157894736842
19.0,348.89473684210526
22.0,335.3181818181818
21.0,336.0
20.0,321.25
23.0,335.17391304347825
21.0,344.1904761904762
21.0,373.14285714285717
18.0,339.0
20.0,337.9
21.0,317.9047619047619
18.0,331.3888888888889
19.0,310.5263157894737
18.0,324.6666666666667
18.0,338.77777777777777
17.0,354.11764705882354
15.0,326.1333333333333
15.0,339.46666666666664
15.0,320.73333333333335
17.0,323.88235294117646
17.0,324.2352941176471
17.0,327.5882352941176
18.0,323.44444444444446
18.0,330.8333333333333
18.0,336.0
16.0,317.1875
17.0,331.70588235294116
18.0,327.8888888888889
20.0,354.35
20.0,336.9
21.0,335.6190476190476
19.0,311.10526315789474
20.0,333.8
17.0,341.3529411764706
16.0,347.1875
16.0,322.375
18.0,395.5
18.0,333.77777777777777
18.0,354.94444444444446
16.0,337.25
14.0,320.57142857142856
12.0,341.0833333333333
15.0,336.6
16.0,339.875
16.0,342.8125
15.0,311.2
15.0,333.06666666666666
15.0,326.46666666666664
16.0,323.125
17.0,348.0
17.0,352.0
14.0,339.42857142857144
14.0,316.7142857142857
15.0,345.4
10.0,337.5
11.0,318.6363636363636
13.0,322.38461538461536
13.0,296.46153846153845
12.0,340.25
15.0,359.93333333333334
15.0,326.0
15.0,331.1333333333333
17.0,323.1764705882353
16.0,317.875
16.0,305.375
18.0,312.77777777777777
19.0,330.4736842105263
18.0,281.05555555555554
18.0,321.6111111111111
17.0,318.88235294117646
17.0,355.1764705882353
17.0,342.88235294117646
16.0,351.375
17.0,320.29411764705884
18.0,341.8333333333333
15.0,342.26666666666665
16.0,320.875
15.0,307.8666666666667
15.0,319.53333333333336
14.0,347.2142857142857
12.0,317.9166666666667
12.0,313.5833333333333
14.0,348.35714285714283
12.0,352.8333333333333
11.0,335.27272727272725
13.0,340.84615384615387
13.0,315.15384615384613
13.0,359.46153846153845
13.0,347.2307692307692
14.0,332.2857142857143
15.0,353.6
13.0,311.15384615384613
13.0,309.84615384615387
14.0,365.35714285714283
15.0,322.06666666666666
13.0,355.2307692307692
11.0,344.54545454545456
11.0,290.09090909090907
11.0,337.6363636363636
11.0,331.09090909090907
12.0,308.4166666666667
13.0,335.0
14.0,335.2857142857143
14.0,299.0
13.0,322.61538461538464
13.0,322.7692307692308
12.0,343.75
14.0,307.42857142857144
15.0,347.93333333333334
16.0,316.3125
18.0,307.77777777777777
17.0,303.05882352941177
17.0,318.0
17.0,302.5882352941176
19.0,324.3157894736842
17.0,335.94117647058823
16.0,313.9375
16.0,346.625
14.0,306.42857142857144
13.0,319.9230769230769
12.0,305.9166666666667
10.0,325.9
14.0,338.64285714285717
14.0,343.07142857142856
14.0,319.07142857142856
12.0,319.5833333333333
13.0,318.84615384615387
13.0,331.38461538461536
12.0,330.25
13.0,334.2307692307692
15.0,366.1333333333333
15.0,337.2
17.0,356.0
16.0,317.6875
15.0,354.4
14.0,344.35714285714283
13.0,359.61538461538464
14.0,320.92857142857144
15.0,312.1333333333333
15.0,302.6
15.0,291.73333333333335
13.0,289.9230769230769
11.0,318.3636363636364
13.0,331.46153846153845
12.0,320.3333333333333
13.0,344.2307692307692
11.0,340.6363636363636
14.0,316.7142857142857
14.0,324.14285714285717
12.0,321.3333333333333
14.0,335.07142857142856
14.0,336.14285714285717
15.0,340.8666666666667
15.0,320.53333333333336
12.0,347.3333333333333
14.0,304.57142857142856
14.0,348.57142857142856
12.0,316.3333333333333
13.0,348.15384615384613
12.0,324.8333333333333
11.0,342.6363636363636
10.0,330.6
11.0,358.1818181818182
11.0,323.1818181818182
13.0,355.2307692307692
13.0,334.0
11.0,297.09090909090907
12.0,346.0833333333333
14.0,369.14285714285717
13.0,326.3076923076923
13.0,334.15384615384613
13.0,313.3076923076923
13.0,335.9230769230769
15.0,333.6666666666667
15.0,331.1333333333333
14.0,342.92857142857144
15.0,323.8
15.0,342.06666666666666
15.0,320.8
15.0,309.2
15.0,325.6
14.0,321.85714285714283
16.0,319.8125
14.0,301.2857142857143
13.0,305.61538461538464
15.0,296.8
16.0,355.25
15.0,320.0
14.0,326.64285714285717
14.0,316.42857142857144
15.0,333.73333333333335
14.0,311.85714285714283
14.0,329.07142857142856
15.0,339.53333333333336
15.0,324.46666666666664
14.0,301.42857142857144
14.0,347.57142857142856
16.0,322.875
15.0,323.46666666666664
15.0,319.4
14.0,292.35714285714283
12.0,290.6666666666667
12.0,317.75
12.0,326.5833333333333
13.0,311.0
15.0,367.06666666666666
14.0,353.2857142857143
14.0,334.14285714285717
14.0,332.2142857142857
18.0,346.5
17.0,350.05882352941177
15.0,329.8666666666667
15.0,343.06666666666666
17.0,311.7647058823529
17.0,327.1764705882353
19.0,318.6842105263158
19.0,312.4736842105263
17.0,308.05882352941177
15.0,302.0
14.0,341.85714285714283
15.0,326.1333333333333
16.0,343.375
16.0,327.875
15.0,331.06666666666666
15.0,318.93333333333334
15.0,319.46666666666664
14.0,348.7142857142857
12.0,320.6666666666667
13.0,348.2307692307692
14.0,339.64285714285717
13.0,334.61538461538464
13.0,307.38461538461536
14.0,336.0
11.0,325.54545454545456
11.0,328.54545454545456
14.0,332.14285714285717
15.0,341.46666666666664
16.0,334.8125
16.0,338.5
15.0,297.6
16.0,320.875
13.0,322.2307692307692
12.0,344.75
13.0,328.15384615384613
16.0,331.0625
18.0,302.27777777777777
20.0,323.35
18.0,326.3888888888889
16.0,313.8125
16.0,319.625
16.0,327.625
13.0,351.3076923076923
16.0,343.25
17.0,292.94117647058823
17.0,335.94117647058823
16.0,346.1875
15.0,328.6
15.0,328.3333333333333
14.0,335.7142857142857
14.0,322.57142857142856
14.0,331.92857142857144
14.0,325.35714285714283
14.0,316.42857142857144
13.0,350.84615384615387
13.0,340.0769230769231
13.0,310.6923076923077
13.0,344.3076923076923
14.0,305.42857142857144
14.0,317.57142857142856
13.0,358.2307692307692
13.0,328.3076923076923
12.0,301.1666666666667
12.0,338.75
12.0,355.8333333333333
15.0,338.8
14.0,311.7857142857143
13.0,333.46153846153845
13.0,330.46153846153845
13.0,349.84615384615387
13.0,317.2307692307692
14.0,347.07142857142856
15.0,333.2
13.0,366.3076923076923
13.0,342.7692307692308
14.0,326.7857142857143
14.0,338.42857142857144
14.0,352.35714285714283
14.0,310.7142857142857
16.0,312.8125
13.0,303.61538461538464
14.0,347.92857142857144
15.0,343.8666666666667
15.0,336.1333333333333
14.0,346.7142857142857
16.0,350.25
17.0,364.88235294117646
14.0,328.42857142857144
16.0,299.875
16.0,321.875
18.0,348.77777777777777
16.0,319.9375
16.0,360.5625
18.0,330.8333333333333
18.0,331.3333333333333
20.0,315.55
18.0,339.22222222222223
16.0,337.5625
14.0,313.2142857142857
14.0,313.07142857142856
17.0,337.4117647058824
17.0,341.8235294117647
16.0,334.75
15.0,330.2
13.0,305.53846153846155
13.0,323.0
13.0,351.0769230769231
10.0,312.4
13.0,328.15384615384613
12.0,324.75
11.0,347.09090909090907
13.0,310.6923076923077
13.0,321.46153846153845
13.0,361.2307692307692
13.0,354.9230769230769
14.0,365.2142857142857
13.0,327.46153846153845
11.0,332.8181818181818
13.0,362.3076923076923
13.0,327.53846153846155
12.0,326.0833333333333
13.0,331.53846153846155
14.0,348.2857142857143
12.0,344.5833333333333
12.0,350.5
13.0,340.7692307692308
13.0,332.15384615384613
12.0,338.3333333333333
11.0,357.6363636363636
11.0,343.27272727272725
11.0,331.09090909090907
12.0,348.3333333333333
13.0,332.15384615384613
13.0,315.9230769230769
11.0,322.6363636363636
12.0,306.3333333333333
10.0,331.2
11.0,335.6363636363636
12.0,331.6666666666667
12.0,344.0833333333333
12.0,341.5833333333333
10.0,341.1
11.0,321.72727272727275
10.0,284.2
11.0,317.90909090909093
10.0,338.3
11.0,335.3636363636364
12.0,359.6666666666667
13.0,334.9230769230769
11.0,332.45454545454544
11.0,331.27272727272725
10.0,352.4
11.0,343.6363636363636
14.0,324.14285714285717
14.0,304.14285714285717
13.0,318.61538461538464
15.0,330.4
14.0,341.7142857142857
12.0,335.6666666666667
14.0,333.85714285714283
17.0,333.88235294117646
15.0,341.6
16.0,338.375
17.0,366.3529411764706
16.0,314.0
18.0,300.5
18.0,319.27777777777777
18.0,313.6666666666667
19.0,295.89473684210526
18.0,349.94444444444446
17.0,329.5882352941176
14.0,319.14285714285717
15.0,322.6666666666667
12.0,349.5
12.0,308.3333333333333
14.0,355.2857142857143
15.0,356.8
15.0,326.3333333333333
14.0,375.07142857142856
14.0,324.2857142857143
14.0,325.57142857142856
13.0,297.9230769230769
13.0,335.0769230769231
13.0,337.2307692307692
14.0,328.64285714285717
14.0,337.2142857142857
15.0,335.26666666666665
15.0,312.06666666666666
14.0,356.2142857142857
13.0,316.46153846153845
17.0,326.3529411764706
18.0,343.05555555555554
17.0,326.4117647058824
18.0,354.77777777777777
18.0,331.1111111111111
17.0,351.0
19.0,301.2105263157895
19.0,329.3157894736842
18.0,363.22222222222223
14.0,311.07142857142856
18.0,308.6666666666667
19.0,323.2631578947368
18.0,297.05555555555554
19.0,366.2105263157895
19.0,323.63157894736844
18.0,355.5
16.0,340.4375
16.0,343.0625
15.0,351.8666666666667
16.0,357.875
16.0,340.0625
13.0,348.3076923076923
12.0,303.1666666666667
16.0,333.9375
15.0,312.8
16.0,316.625
16.0,318.875
16.0,345.1875
16.0,312.375
17.0,323.7647058823529
17.0,358.11764705882354
14.0,358.14285714285717
13.0,314.15384615384613
14.0,298.14285714285717
15.0,348.6666666666667
14.0,342.85714285714283
13.0,342.46153846153845
15.0,356.53333333333336
14.0,342.85714285714283
11.0,320.8181818181818
11.0,289.0
11.0,304.54545454545456
10.0,293.3
10.0,316.9
12.0,323.5
12.0,334.6666666666667
11.0,326.54545454545456
11.0,329.90909090909093
12.0,317.0
14.0,337.07142857142856
15.0,318.3333333333333
14.0,326.7857142857143
14.0,331.14285714285717
17.0,352.29411764705884
16.0,344.5
16.0,342.375
11.0,348.54545454545456
12.0,298.3333333333333
