19.0,312.05263157894734
21.0,286.1904761904762
21.0,340.5238095238095
21.0,300.0952380952381
21.0,297.23809523809524
21.0,266.6666666666667
20.0,309.8
20.0,278.4
19.0,334.42105263157896
19.0,269.2105263157895
17.0,326.8235294117647
16.0,288.8125
15.0,300.3333333333333
15.0,281.4
15.0,298.3333333333333
15.0,264.53333333333336
14.0,304.85714285714283
13.0,276.3076923076923
13.0,324.0769230769231
13.0,291.38461538461536
13.0,308.38461538461536
13.0,268.9230769230769
13.0,331.2307692307692
12.0,279.6666666666667
9.0,312.44444444444446
9.0,259.55555555555554
9.0,310.0
12.0,299.0833333333333
12.0,324.5833333333333
13.0,294.15384615384613
14.0,331.35714285714283
12.0,269.6666666666667
12.0,298.9166666666667
13.0,255.23076923076923
13.0,320.61538461538464
13.0,281.7692307692308
14.0,305.5
16.0,261.875
16.0,296.375
17.0,282.6470588235294
17.0,281.47058823529414
17.0,308.6470588235294
18.0,329.6111111111111
17.0,292.4117647058824
16.0,324.5
16.0,280.0625
17.0,327.05882352941177
18.0,313.1666666666667
18.0,320.27777777777777
18.0,273.72222222222223
18.0,334.6666666666667
19.0,281.7894736842105
17.0,301.70588235294116
17.0,300.88235294117646
17.0,323.52941176470586
17.0,281.8235294117647
17.0,308.4117647058824
17.0,265.11764705882354
15.0,328.1333333333333
15.0,301.73333333333335
15.0,306.26666666666665
14.0,285.64285714285717
14.0,301.64285714285717
14.0,298.92857142857144
14.0,327.14285714285717
13.0,278.38461538461536
12.0,303.4166666666667
12.0,290.0833333333333
13.0,342.38461538461536
12.0,298.75
12.0,341.4166666666667
11.0,259.09090909090907
11.0,326.0
11.0,251.54545454545453
11.0,292.09090909090907
11.0,268.54545454545456
11.0,312.54545454545456
11.0,252.0909090909091
11.0,287.3636363636364
11.0,274.8181818181818
11.0,313.8181818181818
11.0,261.27272727272725
11.0,315.54545454545456
11.0,279.3636363636364
11.0,316.0
11.0,285.8181818181818
11.0,289.90909090909093
11.0,277.3636363636364
13.0,312.38461538461536
13.0,263.2307692307692
13.0,316.46153846153845
16.0,275.5
16.0,320.6875
17.0,286.5882352941176
18.0,315.3888888888889
20.0,296.55
20.0,275.45
20.0,248.15
19.0,321.2631578947368
19.0,260.57894736842104
18.0,313.0
19.0,285.6842105263158
18.0,324.6111111111111
18.0,274.3333333333333
18.0,303.1111111111111
19.0,274.8421052631579
19.0,309.6842105263158
20.0,275.5
20.0,340.25
19.0,274.3157894736842
17.0,297.3529411764706
17.0,275.5882352941176
19.0,330.6842105263158
19.0,294.05263157894734
19.0,296.05263157894734
18.0,339.3888888888889
20.0,323.15
20.0,296.75
20.0,306.8
19.0,302.7894736842105
19.0,341.2105263157895
18.0,274.6111111111111
16.0,335.9375
16.0,299.5625
16.0,295.5
14.0,275.57142857142856
14.0,313.7142857142857
13.0,272.61538461538464
14.0,316.5
14.0,273.0
15.0,348.73333333333335
15.0,289.8
15.0,276.53333333333336
15.0,242.06666666666666
15.0,310.8
15.0,278.06666666666666
15.0,341.6
16.0,270.3125
16.0,315.375
15.0,273.6
16.0,334.8125
17.0,292.0
17.0,333.6470588235294
16.0,264.3125
17.0,317.88235294117646
18.0,270.27777777777777
18.0,274.22222222222223
19.0,262.10526315789474
17.0,324.4117647058824
17.0,275.88235294117646
19.0,362.0
17.0,314.2352941176471
16.0,352.625
16.0,283.4375
15.0,328.1333333333333
16.0,308.6875
17.0,334.0
17.0,239.23529411764707
16.0,293.75
16.0,271.375
16.0,321.4375
16.0,272.6875
16.0,319.0625
15.0,272.06666666666666
13.0,312.15384615384613
13.0,272.7692307692308
12.0,331.5833333333333
12.0,293.6666666666667
12.0,309.8333333333333
11.0,280.54545454545456
11.0,329.1818181818182
11.0,245.0909090909091
12.0,303.6666666666667
13.0,303.15384615384613
14.0,296.2142857142857
14.0,302.92857142857144
14.0,322.07142857142856
13.0,268.15384615384613
15.0,287.06666666666666
15.0,285.93333333333334
16.0,320.25
16.0,262.9375
16.0,332.0625
16.0,287.8125
16.0,317.5625
17.0,253.64705882352942
20.0,318.5
18.0,316.5
18.0,314.94444444444446
18.0,271.05555555555554
18.0,340.1111111111111
18.0,277.05555555555554
17.0,337.5882352941176
17.0,281.2352941176471
17.0,309.29411764705884
17.0,242.05882352941177
17.0,294.1764705882353
17.0,297.2352941176471
17.0,317.70588235294116
15.0,269.6
13.0,311.61538461538464
14.0,257.0
14.0,293.7857142857143
14.0,277.7857142857143
13.0,314.61538461538464
15.0,309.0
15.0,340.06666666666666
16.0,256.5
16.0,318.125
16.0,289.0
16.0,307.25
16.0,277.75
16.0,341.25
16.0,312.3125
19.0,314.3157894736842
19.0,272.7368421052632
18.0,319.94444444444446
18.0,251.11111111111111
19.0,320.6842105263158
17.0,279.05882352941177
18.0,316.1111111111111
18.0,280.3333333333333
18.0,306.77777777777777
19.0,263.4736842105263
19.0,299.57894736842104
18.0,275.72222222222223
19.0,282.10526315789474
17.0,234.23529411764707
15.0,303.4
15.0,277.0
15.0,316.0
15.0,279.93333333333334
13.0,306.38461538461536
13.0,254.84615384615384
13.0,302.6923076923077
14.0,260.35714285714283
13.0,312.15384615384613
13.0,265.0
13.0,329.15384615384613
13.0,301.0
12.0,319.0
11.0,264.6363636363636
11.0,309.72727272727275
11.0,278.72727272727275
10.0,309.7
10.0,296.5
10.0,338.3
11.0,261.0
11.0,312.45454545454544
13.0,281.3076923076923
12.0,329.9166666666667
12.0,260.0833333333333
12.0,315.8333333333333
12.0,250.5
12.0,298.6666666666667
12.0,288.4166666666667
13.0,285.84615384615387
13.0,280.2307692307692
16.0,311.375
16.0,280.3125
16.0,300.5625
15.0,268.2
15.0,315.4
15.0,293.26666666666665
15.0,321.8666666666667
15.0,298.6666666666667
14.0,335.92857142857144
15.0,275.73333333333335
16.0,346.8125
16.0,277.9375
16.0,314.375
15.0,300.1333333333333
15.0,313.93333333333334
15.0,282.4
15.0,289.8
14.0,282.14285714285717
14.0,306.7857142857143
15.0,295.53333333333336
15.0,307.73333333333335
17.0,269.8235294117647
15.0,322.6
14.0,279.0
14.0,311.35714285714283
14.0,265.42857142857144
14.0,287.14285714285717
13.0,257.0
13.0,312.3076923076923
13.0,293.6923076923077
12.0,294.6666666666667
13.0,274.38461538461536
11.0,316.27272727272725
13.0,277.6923076923077
14.0,285.42857142857144
15.0,253.8
16.0,332.25
16.0,274.1875
15.0,310.0
17.0,266.47058823529414
18.0,314.8333333333333
18.0,293.55555555555554
19.0,309.2631578947368
19.0,266.7894736842105
19.0,348.05263157894734
19.0,273.42105263157896
17.0,320.94117647058823
15.0,251.33333333333334
14.0,338.5
16.0,302.8125
15.0,341.93333333333334
13.0,275.0
13.0,342.7692307692308
13.0,274.61538461538464
14.0,296.2857142857143
14.0,258.07142857142856
13.0,338.46153846153845
14.0,264.92857142857144
14.0,330.7857142857143
13.0,221.07692307692307
14.0,321.57142857142856
13.0,267.9230769230769
13.0,245.3846153846154
15.0,263.8
16.0,358.5
17.0,287.2352941176471
16.0,301.4375
16.0,271.3125
16.0,286.9375
15.0,289.6666666666667
17.0,307.4117647058824
16.0,290.875
18.0,323.94444444444446
18.0,305.27777777777777
20.0,299.0
17.0,278.52941176470586
15.0,301.1333333333333
15.0,275.06666666666666
15.0,340.53333333333336
15.0,265.93333333333334
14.0,326.5
14.0,296.5
15.0,317.26666666666665
15.0,316.4
15.0,323.93333333333334
14.0,289.64285714285717
13.0,319.38461538461536
14.0,295.57142857142856
14.0,311.57142857142856
14.0,262.42857142857144
13.0,318.84615384615387
12.0,274.0833333333333
12.0,308.0
12.0,278.9166666666667
11.0,321.54545454545456
12.0,270.4166666666667
12.0,317.3333333333333
12.0,302.4166666666667
11.0,305.6363636363636
10.0,273.8
9.0,328.44444444444446
10.0,276.7
10.0,314.8
12.0,251.41666666666666
13.0,319.46153846153845
13.0,333.15384615384613
15.0,330.0
15.0,272.8
15.0,335.6
14.0,284.7857142857143
14.0,324.35714285714283
16.0,279.0
16.0,313.5
16.0,300.3125
15.0,324.93333333333334
16.0,288.875
14.0,343.14285714285717
13.0,259.9230769230769
15.0,315.53333333333336
14.0,266.92857142857144
14.0,318.92857142857144
15.0,285.1333333333333
15.0,298.4
16.0,280.25
17.0,311.4117647058824
18.0,280.55555555555554
17.0,296.8235294117647
16.0,286.375
13.0,320.15384615384613
14.0,291.07142857142856
14.0,322.7857142857143
18.0,279.44444444444446
18.0,309.3333333333333
17.0,311.47058823529414
16.0,301.125
16.0,266.625
16.0,328.8125
15.0,281.8666666666667
15.0,328.26666666666665
14.0,293.92857142857144
14.0,329.14285714285717
15.0,301.8
15.0,298.93333333333334
15.0,251.26666666666668
15.0,308.73333333333335
17.0,272.70588235294116
17.0,325.05882352941177
17.0,264.7647058823529
16.0,330.0625
15.0,259.8666666666667
16.0,318.875
17.0,273.52941176470586
18.0,346.6666666666667
20.0,280.2
20.0,310.35
19.0,280.7368421052632
20.0,319.05
20.0,293.1
21.0,294.0952380952381
21.0,285.6666666666667
20.0,306.6
20.0,244.85
20.0,276.85
18.0,289.3888888888889
19.0,335.63157894736844
19.0,301.57894736842104
18.0,324.6111111111111
17.0,319.4117647058824
16.0,311.625
17.0,277.70588235294116
17.0,295.3529411764706
18.0,288.05555555555554
18.0,306.0
18.0,287.6666666666667
17.0,314.7647058823529
18.0,275.77777777777777
19.0,305.7894736842105
19.0,239.57894736842104
18.0,318.44444444444446
16.0,263.375
16.0,336.1875
16.0,276.375
15.0,338.93333333333334
14.0,264.92857142857144
17.0,306.47058823529414
18.0,274.8888888888889
16.0,340.3125
15.0,313.2
16.0,290.4375
16.0,279.3125
15.0,320.6666666666667
15.0,285.06666666666666
14.0,291.7142857142857
15.0,252.53333333333333
15.0,334.6666666666667
15.0,258.6
13.0,348.38461538461536
13.0,275.2307692307692
13.0,311.0
14.0,242.0
14.0,297.2857142857143
15.0,276.6
14.0,328.7142857142857
14.0,228.92857142857142
14.0,287.2857142857143
14.0,278.2142857142857
15.0,344.93333333333334
13.0,269.53846153846155
13.0,326.0769230769231
12.0,312.25
11.0,322.45454545454544
15.0,279.06666666666666
16.0,319.6875
15.0,290.2
16.0,310.25
16.0,270.6875
17.0,298.5882352941176
16.0,303.8125
17.0,341.6470588235294
19.0,265.94736842105266
19.0,342.6842105263158
19.0,281.94736842105266
18.0,313.1111111111111
16.0,261.875
14.0,325.7142857142857
14.0,266.2142857142857
14.0,295.14285714285717
15.0,257.1333333333333
14.0,330.92857142857144
13.0,249.0
12.0,332.3333333333333
9.0,271.55555555555554
8.0,325.875
9.0,302.3333333333333
9.0,327.8888888888889
9.0,269.0
9.0,291.6666666666667
10.0,279.4
10.0,298.9
11.0,316.72727272727275
11.0,399.09090909090907
12.0,343.1666666666667
13.0,397.7692307692308
15.0,356.53333333333336
14.0,388.92857142857144
15.0,281.26666666666665
15.0,328.0
16.0,292.9375
15.0,326.8
16.0,277.0
16.0,334.5625
17.0,304.05882352941177
16.0,320.75
17.0,352.70588235294116
15.0,323.8
14.0,315.85714285714283
15.0,299.0
15.0,339.8
16.0,309.1875
15.0,301.3333333333333
14.0,329.2142857142857
15.0,344.0
15.0,335.53333333333336
15.0,348.1333333333333
14.0,330.14285714285717
14.0,313.07142857142856
13.0,322.7692307692308
14.0,340.0
14.0,311.07142857142856
12.0,337.8333333333333
12.0,304.0
13.0,347.61538461538464
13.0,336.0769230769231
13.0,326.46153846153845
13.0,294.9230769230769
13.0,345.38461538461536
13.0,328.53846153846155
12.0,358.9166666666667
13.0,316.53846153846155
13.0,314.46153846153845
12.0,336.5
13.0,347.2307692307692
13.0,334.6923076923077
13.0,327.53846153846155
16.0,330.5
15.0,305.93333333333334
15.0,313.73333333333335
14.0,341.35714285714283
15.0,319.46666666666664
15.0,322.8666666666667
16.0,324.0625
17.0,305.0
16.0,364.9375
17.0,336.5882352941176
18.0,343.22222222222223
19.0,330.6842105263158
18.0,312.1111111111111
20.0,341.3
19.0,320.5263157894737
20.0,372.15
21.0,340.8095238095238
20.0,349.95
20.0,331.2
20.0,354.9
20.0,293.45
18.0,318.55555555555554
18.0,328.72222222222223
17.0,344.52941176470586
13.0,340.3076923076923
14.0,340.2142857142857
14.0,325.57142857142856
14.0,355.85714285714283
14.0,356.2142857142857
15.0,340.8666666666667
14.0,318.2857142857143
14.0,309.07142857142856
13.0,326.2307692307692
14.0,314.35714285714283
14.0,328.07142857142856
13.0,348.0
12.0,330.1666666666667
14.0,324.57142857142856
15.0,333.3333333333333
15.0,316.0
15.0,299.73333333333335
16.0,351.0625
16.0,311.6875
15.0,320.0
15.0,318.26666666666665
15.0,334.46666666666664
15.0,337.8
15.0,332.46666666666664
15.0,319.6
15.0,310.26666666666665
15.0,311.06666666666666
14.0,335.85714285714283
13.0,291.0769230769231
11.0,306.8181818181818
12.0,328.1666666666667
11.0,334.72727272727275
11.0,322.09090909090907
12.0,296.4166666666667
12.0,352.8333333333333
14.0,344.14285714285717
17.0,353.47058823529414
16.0,349.375
16.0,312.0625
16.0,340.5
16.0,332.125
16.0,332.0625
15.0,325.3333333333333
15.0,316.2
17.0,319.3529411764706
17.0,342.4117647058824
17.0,323.2352941176471
16.0,306.5625
16.0,313.5
16.0,328.6875
17.0,306.4117647058824
17.0,333.2352941176471
17.0,340.6470588235294
18.0,339.0
18.0,333.6111111111111
18.0,313.8888888888889
17.0,334.0
15.0,324.3333333333333
15.0,341.73333333333335
14.0,350.85714285714283
14.0,316.42857142857144
13.0,350.9230769230769
14.0,334.42857142857144
15.0,329.73333333333335
16.0,311.1875
17.0,332.6470588235294
16.0,338.125
17.0,377.47058823529414
18.0,327.0
19.0,335.42105263157896
19.0,330.0
19.0,323.5263157894737
18.0,306.8888888888889
18.0,336.8333333333333
18.0,344.3888888888889
18.0,332.0
17.0,299.1764705882353
16.0,319.3125
15.0,312.1333333333333
15.0,353.46666666666664
14.0,342.14285714285717
16.0,344.3125
15.0,317.2
15.0,364.2
15.0,345.0
14.0,310.85714285714283
14.0,322.85714285714283
17.0,317.6470588235294
17.0,319.94117647058823
17.0,343.05882352941177
17.0,323.52941176470586
16.0,332.6875
16.0,343.25
14.0,311.42857142857144
13.0,303.61538461538464
12.0,341.25
12.0,340.4166666666667
12.0,326.3333333333333
12.0,327.4166666666667
12.0,336.6666666666667
13.0,328.53846153846155
14.0,328.85714285714283
13.0,308.3076923076923
14.0,329.5
14.0,319.64285714285717
14.0,326.14285714285717
14.0,343.2857142857143
14.0,318.2857142857143
15.0,277.2
14.0,319.0
15.0,322.1333333333333
15.0,348.93333333333334
15.0,318.46666666666664
14.0,326.57142857142856
13.0,316.6923076923077
13.0,339.3076923076923
14.0,320.5
16.0,323.1875
17.0,327.94117647058823
17.0,329.5882352941176
19.0,330.63157894736844
18.0,327.8333333333333
16.0,315.8125
15.0,334.2
15.0,296.93333333333334
15.0,322.8666666666667
14.0,308.2142857142857
13.0,341.7692307692308
12.0,298.3333333333333
12.0,310.75
14.0,320.85714285714283
14.0,335.64285714285717
12.0,335.3333333333333
12.0,305.6666666666667
11.0,301.90909090909093
12.0,335.3333333333333
12.0,330.4166666666667
11.0,330.90909090909093
12.0,349.1666666666667
12.0,303.9166666666667
15.0,332.26666666666665
15.0,340.8666666666667
15.0,331.46666666666664
15.0,324.46666666666664
16.0,337.125
17.0,337.5882352941176
18.0,372.05555555555554
15.0,318.4
15.0,343.0
14.0,324.2142857142857
16.0,322.625
16.0,301.875
16.0,327.0625
17.0,328.4117647058824
17.0,317.11764705882354
17.0,322.7647058823529
18.0,322.44444444444446
15.0,353.26666666666665
16.0,341.0625
17.0,339.2352941176471
17.0,335.2352941176471
16.0,347.5625
15.0,336.1333333333333
16.0,349.1875
16.0,323.0
16.0,360.125
15.0,347.06666666666666
13.0,331.0769230769231
16.0,324.0
18.0,371.1666666666667
18.0,327.6666666666667
18.0,336.5
18.0,316.6111111111111
19.0,300.6842105263158
20.0,325.9
20.0,313.2
20.0,282.25
20.0,332.25
18.0,355.94444444444446
17.0,328.3529411764706
15.0,302.1333333333333
15.0,327.2
15.0,302.6
15.0,332.53333333333336
15.0,343.8
14.0,320.64285714285717
14.0,325.5
15.0,353.3333333333333
15.0,344.53333333333336
16.0,328.625
17.0,328.3529411764706
18.0,360.1111111111111
17.0,332.94117647058823
17.0,352.88235294117646
16.0,358.125
16.0,324.25
15.0,302.6666666666667
15.0,322.46666666666664
15.0,322.3333333333333
15.0,308.53333333333336
16.0,292.25
16.0,314.4375
16.0,340.125
15.0,326.8666666666667
15.0,308.8666666666667
15.0,327.8
15.0,343.6666666666667
15.0,342.4
14.0,318.85714285714283
14.0,350.5
14.0,365.57142857142856
14.0,350.2857142857143
12.0,340.3333333333333
12.0,331.0
13.0,309.2307692307692
13.0,328.84615384615387
14.0,312.42857142857144
13.0,329.3076923076923
14.0,313.7142857142857
14.0,312.14285714285717
14.0,324.42857142857144
14.0,346.42857142857144
14.0,301.7857142857143
13.0,331.6923076923077
13.0,347.3076923076923
12.0,348.0
11.0,336.6363636363636
12.0,320.0
13.0,351.46153846153845
13.0,331.2307692307692
13.0,330.53846153846155
12.0,343.0833333333333
12.0,345.5
12.0,341.4166666666667
12.0,304.5
13.0,335.3076923076923
12.0,297.75
14.0,337.0
14.0,292.42857142857144
14.0,329.7142857142857
14.0,293.7857142857143
14.0,323.57142857142856
12.0,331.0833333333333
12.0,317.0
12.0,308.5833333333333
12.0,325.75
12.0,345.8333333333333
12.0,331.4166666666667
14.0,322.64285714285717
15.0,317.73333333333335
15.0,324.73333333333335
15.0,343.0
17.0,338.6470588235294
17.0,327.05882352941177
18.0,356.05555555555554
17.0,346.4117647058824
18.0,353.1666666666667
17.0,345.6470588235294
17.0,318.7647058823529
16.0,300.75
19.0,312.2631578947368
17.0,299.05882352941177
16.0,334.4375
15.0,370.8666666666667
16.0,330.0
15.0,333.4
15.0,350.3333333333333
14.0,341.7857142857143
14.0,339.57142857142856
14.0,330.7142857142857
14.0,292.14285714285717
14.0,309.14285714285717
14.0,332.64285714285717
14.0,342.57142857142856
14.0,329.2857142857143
13.0,345.7692307692308
13.0,348.53846153846155
12.0,325.0
13.0,305.38461538461536
12.0,324.0
13.0,312.2307692307692
12.0,326.4166666666667
13.0,319.38461538461536
15.0,328.06666666666666
15.0,321.8
13.0,355.61538461538464
13.0,334.3076923076923
13.0,334.9230769230769
13.0,338.0
13.0,324.0769230769231
13.0,338.3076923076923
14.0,348.5
14.0,304.0
13.0,313.61538461538464
13.0,331.7692307692308
14.0,309.7142857142857
13.0,326.0769230769231
14.0,355.57142857142856
15.0,345.1333333333333
15.0,327.2
16.0,315.0
16.0,338.9375
14.0,340.57142857142856
13.0,323.61538461538464
13.0,311.61538461538464
13.0,333.38461538461536
11.0,348.27272727272725
11.0,341.8181818181818
10.0,352.6
10.0,347.8
8.0,283.125
9.0,320.6666666666667
8.0,348.125
10.0,313.3
11.0,326.27272727272725
11.0,303.90909090909093
10.0,305.7
10.0,308.7
10.0,323.9
9.0,309.3333333333333
10.0,317.1
12.0,336.9166666666667
11.0,316.8181818181818
11.0,334.09090909090907
11.0,351.45454545454544
11.0,327.6363636363636
11.0,308.3636363636364
11.0,341.09090909090907
10.0,294.1
10.0,364.1
11.0,344.8181818181818
12.0,302.5
13.0,342.2307692307692
13.0,322.0769230769231
14.0,344.64285714285717
14.0,315.42857142857144
14.0,330.85714285714283
13.0,324.7692307692308
13.0,317.53846153846155
13.0,315.84615384615387
14.0,305.85714285714283
13.0,331.9230769230769
16.0,303.125
16.0,329.5
16.0,316.5625
14.0,332.42857142857144
15.0,347.53333333333336
15.0,338.46666666666664
14.0,346.2142857142857
13.0,341.7692307692308
13.0,302.46153846153845
12.0,334.0833333333333
11.0,333.3636363636364
12.0,343.75
12.0,326.6666666666667
13.0,331.38461538461536
12.0,330.8333333333333
12.0,324.0
13.0,322.46153846153845
12.0,338.75
12.0,301.25
11.0,339.8181818181818
11.0,337.0
11.0,350.1818181818182
11.0,330.8181818181818
11.0,303.0
11.0,326.09090909090907
12.0,348.5
12.0,334.0
11.0,339.45454545454544
11.0,309.3636363636364
11.0,362.1818181818182
14.0,317.07142857142856
14.0,345.5
15.0,333.06666666666666
15.0,343.8666666666667
16.0,295.9375
16.0,309.0
15.0,294.1333333333333
15.0,306.1333333333333
14.0,326.92857142857144
15.0,333.06666666666666
14.0,307.0
13.0,323.0
15.0,296.73333333333335
15.0,340.8666666666667
15.0,313.8
18.0,314.3333333333333
20.0,334.45
19.0,370.42105263157896
19.0,344.7368421052632
19.0,310.94736842105266
19.0,306.63157894736844
18.0,312.8333333333333
18.0,350.05555555555554
18.0,325.27777777777777
17.0,303.88235294117646
17.0,308.1764705882353
15.0,384.1333333333333
15.0,353.93333333333334
14.0,329.14285714285717
14.0,327.35714285714283
14.0,297.07142857142856
13.0,330.3076923076923
13.0,312.0769230769231
13.0,297.38461538461536
14.0,341.42857142857144
13.0,345.7692307692308
14.0,320.7857142857143
15.0,344.93333333333334
12.0,330.1666666666667
11.0,341.90909090909093
11.0,323.3636363636364
11.0,341.45454545454544
11.0,306.72727272727275
10.0,318.1
12.0,308.9166666666667
14.0,335.85714285714283
14.0,341.5
14.0,341.2142857142857
15.0,322.06666666666666
14.0,326.7142857142857
15.0,340.4
13.0,334.61538461538464
12.0,302.5
12.0,351.4166666666667
13.0,319.3076923076923
13.0,356.9230769230769
13.0,348.15384615384613
13.0,304.9230769230769
14.0,317.7857142857143
14.0,319.5
14.0,340.7142857142857
14.0,361.42857142857144
13.0,311.7692307692308
13.0,318.7692307692308
16.0,321.125
16.0,309.875
16.0,348.0
16.0,326.9375
17.0,325.29411764705884
17.0,321.70588235294116
18.0,306.0
18.0,329.1666666666667
16.0,322.25
15.0,343.0
14.0,342.35714285714283
14.0,336.92857142857144
14.0,343.42857142857144
13.0,319.3076923076923
12.0,339.5
12.0,363.4166666666667
13.0,331.53846153846155
13.0,354.2307692307692
13.0,337.38461538461536
13.0,324.15384615384613
14.0,340.92857142857144
15.0,297.53333333333336
15.0,297.0
15.0,285.8666666666667
14.0,298.5
14.0,289.57142857142856
15.0,344.46666666666664
15.0,262.2
16.0,306.4375
17.0,269.3529411764706
17.0,326.94117647058823
18.0,277.6111111111111
18.0,308.3888888888889
18.0,254.88888888888889
18.0,283.3888888888889
18.0,284.3333333333333
18.0,292.6111111111111
18.0,279.5
19.0,288.94736842105266
18.0,263.6111111111111
17.0,303.29411764705884
16.0,295.5625
15.0,299.06666666666666
14.0,286.5
15.0,318.53333333333336
15.0,284.4
13.0,326.84615384615387
13.0,285.9230769230769
12.0,309.75
12.0,300.6666666666667
12.0,318.4166666666667
12.0,279.9166666666667
13.0,310.15384615384613
13.0,251.3846153846154
15.0,295.2
17.0,291.94117647058823
17.0,303.47058823529414
17.0,286.4117647058824
16.0,337.875
16.0,304.5625
15.0,311.1333333333333
14.0,271.42857142857144
14.0,310.7857142857143
13.0,300.7692307692308
13.0,317.2307692307692
13.0,313.84615384615387
12.0,284.1666666666667
10.0,280.5
10.0,325.1
10.0,284.3
9.0,316.1111111111111
9.0,266.55555555555554
9.0,342.8888888888889
9.0,289.8888888888889
9.0,314.0
9.0,255.44444444444446
11.0,308.6363636363636
11.0,287.54545454545456
12.0,313.8333333333333
14.0,307.64285714285717
14.0,325.85714285714283
14.0,293.0
14.0,324.92857142857144
15.0,260.73333333333335
15.0,328.8
15.0,293.26666666666665
17.0,331.8235294117647
17.0,232.11764705882354
17.0,302.8235294117647
18.0,280.1111111111111
19.0,315.6842105263158
18.0,273.5
17.0,338.0
17.0,286.5882352941176
19.0,294.2105263157895
18.0,247.05555555555554
19.0,307.2631578947368
17.0,264.11764705882354
17.0,345.47058823529414
19.0,255.8421052631579
19.0,338.7894736842105
19.0,268.36842105263156
19.0,311.7894736842105
18.0,253.94444444444446
18.0,330.6111111111111
18.0,303.3333333333333
19.0,330.6842105263158
19.0,276.42105263157896
17.0,340.11764705882354
17.0,285.29411764705884
18.0,318.22222222222223
18.0,287.22222222222223
19.0,320.89473684210526
19.0,252.89473684210526
19.0,333.2105263157895
19.0,286.2105263157895
19.0,338.3157894736842
19.0,301.10526315789474
18.0,329.72222222222223
18.0,276.6666666666667
18.0,311.27777777777777
19.0,282.05263157894734
21.0,299.23809523809524
20.0,273.4
20.0,313.65
19.0,278.2105263157895
17.0,329.4117647058824
17.0,269.29411764705884
16.0,320.1875
16.0,281.8125
16.0,307.125
16.0,264.5
15.0,298.8666666666667
15.0,274.2
14.0,320.57142857142856
14.0,265.42857142857144
15.0,300.06666666666666
16.0,249.1875
16.0,304.3125
15.0,271.73333333333335
15.0,300.06666666666666
15.0,292.93333333333334
15.0,332.26666666666665
15.0,299.8666666666667
15.0,315.73333333333335
15.0,296.3333333333333
16.0,302.5625
16.0,285.9375
16.0,300.9375
16.0,290.375
16.0,301.125
16.0,216.3125
14.0,291.7142857142857
15.0,296.6666666666667
14.0,331.7857142857143
15.0,287.1333333333333
15.0,314.1333333333333
15.0,282.06666666666666
13.0,329.53846153846155
15.0,300.2
14.0,315.64285714285717
15.0,281.4
15.0,290.0
14.0,268.92857142857144
15.0,326.46666666666664
14.0,270.42857142857144
13.0,341.0
13.0,283.6923076923077
14.0,282.85714285714283
13.0,272.7692307692308
13.0,313.7692307692308
13.0,259.6923076923077
13.0,311.3076923076923
13.0,295.84615384615387
12.0,354.6666666666667
13.0,254.46153846153845
12.0,328.0833333333333
12.0,275.75
13.0,342.3076923076923
14.0,295.42857142857144
14.0,330.85714285714283
15.0,283.3333333333333
15.0,272.53333333333336
15.0,274.6666666666667
14.0,309.85714285714283
14.0,306.57142857142856
16.0,329.9375
16.0,270.4375
14.0,326.42857142857144
13.0,258.2307692307692
14.0,304.14285714285717
15.0,275.4
15.0,314.53333333333336
16.0,322.5625
16.0,319.625
16.0,279.0625
16.0,308.9375
17.0,267.7647058823529
16.0,306.0
17.0,267.4117647058824
17.0,327.3529411764706
17.0,267.1764705882353
18.0,321.0
19.0,293.2105263157895
19.0,332.6842105263158
19.0,287.94736842105266
21.0,339.4761904761905
20.0,279.7
20.0,362.45
20.0,284.75
19.0,313.36842105263156
18.0,295.44444444444446
20.0,338.8
20.0,306.65
19.0,299.63157894736844
16.0,288.625
15.0,344.8666666666667
16.0,261.0625
16.0,292.5625
15.0,265.46666666666664
16.0,325.75
16.0,276.75
15.0,328.8666666666667
14.0,283.92857142857144
13.0,343.53846153846155
11.0,272.90909090909093
10.0,312.9
10.0,291.0
11.0,344.3636363636364
12.0,250.5
12.0,306.4166666666667
12.0,277.4166666666667
13.0,320.7692307692308
13.0,298.0769230769231
12.0,337.5833333333333
12.0,250.33333333333334
13.0,369.7692307692308
14.0,284.64285714285717
13.0,316.0
15.0,282.2
14.0,327.2857142857143
15.0,270.46666666666664
15.0,299.6
15.0,297.2
17.0,314.11764705882354
17.0,263.47058823529414
19.0,349.05263157894734
20.0,261.6
19.0,275.6842105263158
19.0,264.7368421052632
17.0,302.47058823529414
16.0,249.6875
15.0,315.46666666666664
17.0,263.11764705882354
16.0,336.6875
15.0,279.8
17.0,324.05882352941177
17.0,283.52941176470586
17.0,304.8235294117647
17.0,276.88235294117646
17.0,325.29411764705884
18.0,250.61111111111111
19.0,270.2631578947368
18.0,278.8888888888889
19.0,287.7368421052632
19.0,313.63157894736844
21.0,324.7142857142857
21.0,269.42857142857144
21.0,307.04761904761904
20.0,285.2
19.0,351.7368421052632
19.0,284.10526315789474
18.0,333.1111111111111
20.0,272.15
19.0,317.2105263157895
19.0,272.63157894736844
19.0,289.2105263157895
20.0,260.5
20.0,303.6
19.0,277.42105263157896
19.0,309.1578947368421
20.0,278.0
20.0,325.5
20.0,277.5
20.0,332.3
19.0,276.89473684210526
19.0,323.6842105263158
19.0,288.89473684210526
17.0,284.11764705882354
17.0,287.5882352941176
16.0,306.25
17.0,280.6470588235294
17.0,307.3529411764706
18.0,270.5
17.0,342.1764705882353
14.0,257.57142857142856
14.0,326.42857142857144
14.0,317.14285714285717
12.0,342.75
11.0,288.0
13.0,307.84615384615387
11.0,222.36363636363637
11.0,307.27272727272725
10.0,275.6
11.0,295.45454545454544
12.0,276.75
12.0,317.0833333333333
12.0,291.75
11.0,349.1818181818182
11.0,319.8181818181818
12.0,318.5833333333333
12.0,254.75
11.0,299.3636363636364
12.0,288.5833333333333
11.0,323.0
12.0,299.3333333333333
12.0,332.75
12.0,296.4166666666667
12.0,332.0833333333333
12.0,270.1666666666667
11.0,322.0
10.0,306.4
14.0,325.64285714285717
14.0,296.42857142857144
14.0,311.5
13.0,282.15384615384613
13.0,315.38461538461536
13.0,259.3076923076923
15.0,295.6
15.0,291.26666666666665
15.0,326.8
17.0,260.5882352941176
17.0,312.1764705882353
16.0,286.0625
16.0,328.0625
16.0,295.0
16.0,299.8125
14.0,266.35714285714283
14.0,290.92857142857144
14.0,270.14285714285717
14.0,302.35714285714283
12.0,277.0
12.0,301.1666666666667
12.0,292.5
11.0,323.6363636363636
11.0,278.6363636363636
11.0,310.09090909090907
10.0,253.4
9.0,322.8888888888889
10.0,265.9
12.0,327.8333333333333
12.0,244.33333333333334
13.0,333.9230769230769
13.0,307.3076923076923
13.0,319.46153846153845
12.0,262.5833333333333
12.0,311.6666666666667
11.0,290.90909090909093
12.0,330.9166666666667
12.0,289.1666666666667
12.0,310.9166666666667
12.0,252.41666666666666
13.0,311.9230769230769
14.0,286.07142857142856
15.0,319.06666666666666
14.0,287.92857142857144
14.0,326.0
15.0,304.3333333333333
16.0,336.25
16.0,300.875
16.0,335.625
16.0,293.1875
18.0,337.0
17.0,254.47058823529412
17.0,303.52941176470586
16.0,275.0625
16.0,288.5
16.0,271.875
15.0,312.6666666666667
15.0,262.46666666666664
15.0,315.8
15.0,264.4
12.0,315.8333333333333
14.0,282.85714285714283
15.0,312.6
15.0,266.93333333333334
14.0,310.64285714285717
15.0,311.2
17.0,320.52941176470586
17.0,237.88235294117646
17.0,302.5882352941176
16.0,272.1875
16.0,299.125
17.0,286.3529411764706
16.0,300.75
16.0,261.25
16.0,296.8125
15.0,270.53333333333336
15.0,296.53333333333336
16.0,307.9375
17.0,334.88235294117646
18.0,285.55555555555554
17.0,297.05882352941177
17.0,265.05882352941177
17.0,311.8235294117647
17.0,278.4117647058824
17.0,302.52941176470586
18.0,225.0
19.0,312.89473684210526
19.0,267.89473684210526
19.0,291.8421052631579
19.0,285.7894736842105
18.0,343.94444444444446
18.0,287.44444444444446
17.0,315.11764705882354
19.0,277.3157894736842
19.0,320.2631578947368
20.0,256.1
21.0,332.5238095238095
21.0,261.3333333333333
21.0,312.9047619047619
19.0,243.0
19.0,312.05263157894734
20.0,271.6
20.0,296.75
20.0,286.25
20.0,297.75
20.0,274.45
21.0,332.4761904761905
21.0,277.8095238095238
21.0,294.23809523809524
21.0,259.7142857142857
21.0,328.5238095238095
21.0,257.7142857142857
21.0,318.42857142857144
22.0,278.5
21.0,321.4761904761905
21.0,238.95238095238096
20.0,310.85
19.0,277.4736842105263
19.0,312.94736842105266
22.0,284.72727272727275
23.0,353.6521739130435
23.0,263.3478260869565
21.0,319.6666666666667
21.0,280.1904761904762
21.0,311.85714285714283
21.0,276.76190476190476
21.0,317.2857142857143
19.0,270.7368421052632
20.0,294.2
19.0,300.94736842105266
17.0,329.05882352941177
15.0,311.6666666666667
16.0,287.5625
16.0,285.375
16.0,304.8125
15.0,279.2
16.0,328.875
17.0,281.3529411764706
18.0,330.1666666666667
18.0,270.6111111111111
18.0,340.0
16.0,291.1875
16.0,311.9375
16.0,260.8125
17.0,299.94117647058823
17.0,289.1764705882353
17.0,307.29411764705884
17.0,274.05882352941177
16.0,307.3125
16.0,263.4375
17.0,334.94117647058823
17.0,261.52941176470586
16.0,326.375
16.0,272.5625
15.0,351.0
15.0,302.6
17.0,324.0
17.0,292.8235294117647
17.0,329.88235294117646
17.0,284.8235294117647
16.0,369.0
17.0,293.94117647058823
16.0,320.8125
16.0,262.1875
15.0,304.4
15.0,268.26666666666665
13.0,298.2307692307692
13.0,275.6923076923077
13.0,337.84615384615387
13.0,274.15384615384613
15.0,329.93333333333334
15.0,253.46666666666667
15.0,314.93333333333334
16.0,287.5
16.0,288.5
16.0,263.75
16.0,328.8125
17.0,278.94117647058823
19.0,328.4736842105263
18.0,259.8333333333333
17.0,282.7647058823529
18.0,277.0
17.0,330.47058823529414
16.0,279.625
16.0,316.1875
16.0,286.5625
16.0,292.375
16.0,265.9375
15.0,303.06666666666666
15.0,291.1333333333333
15.0,337.3333333333333
15.0,283.93333333333334
13.0,358.61538461538464
13.0,275.53846153846155
14.0,305.57142857142856
14.0,297.92857142857144
13.0,313.53846153846155
13.0,335.61538461538464
12.0,379.1666666666667
11.0,338.90909090909093
13.0,383.2307692307692
12.0,348.0
11.0,447.54545454545456
11.0,268.45454545454544
13.0,330.15384615384613
13.0,289.15384615384613
15.0,308.3333333333333
17.0,269.1764705882353
17.0,293.2352941176471
18.0,255.5
19.0,335.57894736842104
18.0,309.22222222222223
18.0,321.55555555555554
18.0,283.05555555555554
17.0,283.70588235294116
17.0,274.4117647058824
17.0,311.3529411764706
17.0,327.8235294117647
15.0,325.4
14.0,345.7142857142857
14.0,324.85714285714283
14.0,344.92857142857144
14.0,318.5
13.0,344.15384615384613
14.0,329.14285714285717
14.0,333.14285714285717
13.0,312.7692307692308
12.0,336.8333333333333
12.0,310.9166666666667
13.0,318.84615384615387
13.0,334.15384615384613
13.0,343.84615384615387
13.0,323.9230769230769
13.0,331.6923076923077
13.0,313.53846153846155
12.0,302.8333333333333
12.0,313.9166666666667
12.0,327.5
11.0,348.0
10.0,312.8
10.0,325.4
11.0,341.45454545454544
11.0,348.45454545454544
11.0,358.72727272727275
12.0,312.0
12.0,320.25
12.0,335.25
13.0,333.0
13.0,351.46153846153845
14.0,335.57142857142856
13.0,338.0
14.0,289.07142857142856
13.0,311.2307692307692
13.0,367.84615384615387
12.0,339.0833333333333
10.0,310.2
12.0,305.75
13.0,336.38461538461536
13.0,322.6923076923077
15.0,323.8
15.0,339.2
15.0,330.3333333333333
15.0,299.8666666666667
15.0,283.46666666666664
15.0,342.6666666666667
16.0,325.75
15.0,303.06666666666666
15.0,345.73333333333335
16.0,332.25
15.0,310.93333333333334
15.0,327.53333333333336
16.0,327.25
15.0,308.73333333333335
14.0,329.35714285714283
14.0,321.0
13.0,374.6923076923077
13.0,340.7692307692308
13.0,343.3076923076923
13.0,312.2307692307692
12.0,302.3333333333333
12.0,332.0
13.0,353.38461538461536
12.0,322.8333333333333
12.0,306.6666666666667
12.0,343.0833333333333
12.0,312.0
13.0,342.46153846153845
12.0,348.8333333333333
12.0,351.0
12.0,334.8333333333333
12.0,334.0833333333333
13.0,335.38461538461536
13.0,336.38461538461536
13.0,336.0769230769231
13.0,337.38461538461536
12.0,326.3333333333333
12.0,325.6666666666667
13.0,320.0769230769231
14.0,332.7857142857143
14.0,353.2857142857143
13.0,354.53846153846155
13.0,338.0
14.0,350.07142857142856
15.0,292.73333333333335
15.0,308.8
15.0,338.93333333333334
15.0,322.53333333333336
16.0,334.3125
15.0,332.73333333333335
16.0,339.0
16.0,319.8125
16.0,340.375
16.0,349.0
17.0,367.5882352941176
16.0,304.8125
16.0,340.5625
16.0,310.0
16.0,346.375
17.0,328.70588235294116
17.0,347.5882352941176
15.0,346.6666666666667
16.0,316.8125
18.0,314.6111111111111
17.0,312.47058823529414
17.0,336.52941176470586
18.0,358.72222222222223
18.0,321.1111111111111
17.0,324.52941176470586
16.0,297.3125
16.0,346.5625
16.0,332.875
15.0,328.06666666666666
16.0,324.0625
16.0,310.0
17.0,314.2352941176471
19.0,356.05263157894734
19.0,341.7894736842105
19.0,344.0
18.0,317.5
17.0,357.4117647058824
18.0,313.5
17.0,279.6470588235294
16.0,334.6875
16.0,327.25
16.0,325.125
17.0,336.6470588235294
19.0,322.4736842105263
18.0,343.1666666666667
18.0,381.0
18.0,341.44444444444446
18.0,344.3888888888889
18.0,334.3333333333333
18.0,327.1666666666667
18.0,322.77777777777777
18.0,325.72222222222223
17.0,359.88235294117646
17.0,317.3529411764706
17.0,347.3529411764706
15.0,315.0
17.0,297.88235294117646
18.0,340.5
20.0,346.75
21.0,320.04761904761904
21.0,343.2857142857143
20.0,312.05
20.0,316.7
18.0,362.3333333333333
18.0,327.8888888888889
18.0,306.8333333333333
18.0,350.94444444444446
18.0,328.6111111111111
17.0,318.5882352941176
16.0,331.6875
16.0,325.0625
16.0,317.625
14.0,350.7857142857143
14.0,343.7142857142857
14.0,339.7857142857143
13.0,317.38461538461536
15.0,332.8666666666667
14.0,319.42857142857144
13.0,322.53846153846155
14.0,327.35714285714283
15.0,336.26666666666665
15.0,318.8
16.0,306.875
17.0,330.8235294117647
17.0,348.5882352941176
16.0,329.875
16.0,327.5
16.0,321.125
16.0,294.375
16.0,350.375
15.0,345.93333333333334
15.0,322.46666666666664
15.0,352.4
15.0,359.6
15.0,343.06666666666666
16.0,350.75
16.0,329.0625
16.0,317.5625
15.0,372.6666666666667
14.0,346.5
14.0,334.07142857142856
15.0,344.6
15.0,331.06666666666666
15.0,312.93333333333334
15.0,339.53333333333336
15.0,338.46666666666664
14.0,350.92857142857144
14.0,329.57142857142856
15.0,350.4
14.0,351.07142857142856
14.0,323.42857142857144
15.0,317.0
16.0,355.9375
16.0,345.5625
16.0,308.0625
17.0,331.94117647058823
18.0,339.0
18.0,313.72222222222223
16.0,303.3125
16.0,338.625
17.0,320.0
17.0,353.05882352941177
16.0,345.625
17.0,331.70588235294116
17.0,348.88235294117646
15.0,348.26666666666665
16.0,330.375
16.0,298.9375
18.0,309.22222222222223
17.0,340.0
16.0,355.875
17.0,330.0
16.0,349.875
15.0,324.1333333333333
15.0,340.6666666666667
17.0,358.7647058823529
17.0,343.1764705882353
17.0,373.6470588235294
14.0,328.5
14.0,349.64285714285717
14.0,372.92857142857144
13.0,316.46153846153845
14.0,343.5
15.0,339.4
15.0,346.6666666666667
16.0,303.625
16.0,329.25
14.0,343.2142857142857
14.0,302.7142857142857
15.0,339.8
13.0,331.2307692307692
15.0,325.3333333333333
16.0,299.5
16.0,330.3125
15.0,321.3333333333333
16.0,315.3125
16.0,336.8125
15.0,352.2
14.0,320.2142857142857
14.0,322.0
14.0,316.7857142857143
14.0,328.92857142857144
15.0,348.93333333333334
16.0,333.25
16.0,316.3125
13.0,332.9230769230769
13.0,335.7692307692308
13.0,321.9230769230769
13.0,351.3076923076923
15.0,362.53333333333336
15.0,311.8666666666667
15.0,322.73333333333335
15.0,302.6
14.0,347.2857142857143
15.0,324.93333333333334
14.0,348.0
15.0,318.73333333333335
15.0,340.26666666666665
16.0,316.0625
15.0,341.2
16.0,311.9375
18.0,322.6111111111111
18.0,321.94444444444446
19.0,324.4736842105263
19.0,334.8421052631579
19.0,350.6842105263158
18.0,333.1111111111111
17.0,331.2352941176471
16.0,318.5625
13.0,331.3076923076923
13.0,322.53846153846155
13.0,324.15384615384613
13.0,315.46153846153845
14.0,350.2142857142857
13.0,339.6923076923077
13.0,293.7692307692308
13.0,295.7692307692308
14.0,289.92857142857144
16.0,327.9375
16.0,330.375
17.0,334.29411764705884
18.0,311.05555555555554
19.0,360.0
19.0,348.10526315789474
19.0,342.7894736842105
19.0,320.6842105263158
19.0,348.3157894736842
18.0,322.94444444444446
17.0,341.5882352941176
17.0,378.8235294117647
18.0,345.1666666666667
18.0,344.5
16.0,343.3125
17.0,316.1764705882353
17.0,315.29411764705884
17.0,299.7647058823529
18.0,322.8333333333333
18.0,328.5
19.0,329.7368421052632
19.0,342.2105263157895
19.0,374.4736842105263
17.0,365.6470588235294
14.0,322.57142857142856
14.0,305.0
12.0,340.9166666666667
12.0,357.75
12.0,343.75
13.0,342.46153846153845
15.0,334.3333333333333
14.0,301.07142857142856
12.0,326.9166666666667
12.0,309.1666666666667
13.0,358.6923076923077
14.0,355.0
14.0,345.85714285714283
13.0,330.46153846153845
13.0,329.84615384615387
13.0,296.2307692307692
13.0,333.61538461538464
13.0,325.0769230769231
13.0,318.61538461538464
13.0,337.53846153846155
13.0,318.9230769230769
13.0,334.0769230769231
13.0,316.61538461538464
11.0,317.45454545454544
11.0,327.1818181818182
11.0,322.8181818181818
13.0,308.84615384615387
13.0,311.53846153846155
14.0,324.2142857142857
14.0,385.2857142857143
14.0,341.0
14.0,311.92857142857144
15.0,344.8666666666667
17.0,339.4117647058824
18.0,328.55555555555554
19.0,334.05263157894734
17.0,327.70588235294116
16.0,340.375
16.0,345.125
18.0,317.5
17.0,290.29411764705884
17.0,308.88235294117646
15.0,309.46666666666664
15.0,356.1333333333333
14.0,326.85714285714283
15.0,351.46666666666664
15.0,344.8666666666667
16.0,331.0
15.0,310.6
16.0,324.8125
16.0,337.0
16.0,310.875
15.0,322.26666666666665
16.0,319.8125
16.0,340.1875
15.0,345.46666666666664
15.0,333.06666666666666
16.0,362.75
16.0,327.8125
17.0,354.2352941176471
18.0,366.0
19.0,327.2631578947368
19.0,346.5263157894737
18.0,333.5
18.0,331.6111111111111
18.0,318.3888888888889
18.0,344.5
17.0,325.94117647058823
18.0,295.55555555555554
18.0,335.22222222222223
17.0,335.5882352941176
17.0,339.47058823529414
18.0,335.55555555555554
17.0,331.2352941176471
18.0,315.0
17.0,284.70588235294116
16.0,321.1875
14.0,371.92857142857144
15.0,350.3333333333333
15.0,329.2
13.0,353.46153846153845
13.0,346.0769230769231
14.0,338.14285714285717
13.0,325.2307692307692
12.0,331.6666666666667
12.0,317.4166666666667
12.0,335.3333333333333
12.0,334.9166666666667
13.0,323.3076923076923
13.0,303.15384615384613
14.0,335.2142857142857
14.0,342.42857142857144
13.0,354.53846153846155
12.0,318.1666666666667
11.0,334.27272727272725
11.0,344.27272727272725
11.0,353.54545454545456
9.0,352.1111111111111
11.0,335.1818181818182
13.0,322.0769230769231
15.0,368.4
15.0,303.0
15.0,323.46666666666664
16.0,346.0
17.0,354.47058823529414
17.0,346.88235294117646
17.0,344.1764705882353
15.0,344.6
15.0,347.8
16.0,351.4375
16.0,327.4375
16.0,319.75
16.0,335.5625
17.0,312.70588235294116
17.0,321.47058823529414
17.0,276.47058823529414
18.0,349.3333333333333
16.0,326.125
16.0,337.5
16.0,334.1875
13.0,316.61538461538464
13.0,313.53846153846155
11.0,324.09090909090907
10.0,321.9
10.0,305.5
10.0,314.9
10.0,319.9
10.0,335.1
9.0,364.77777777777777
10.0,322.6
9.0,336.55555555555554
9.0,321.6666666666667
10.0,329.9
11.0,320.72727272727275
12.0,333.5833333333333
11.0,309.3636363636364
11.0,322.8181818181818
13.0,302.2307692307692
13.0,314.38461538461536
13.0,319.3076923076923
12.0,315.4166666666667
12.0,304.5833333333333
11.0,340.1818181818182
11.0,307.1818181818182
13.0,359.3076923076923
14.0,304.14285714285717
13.0,325.53846153846155
14.0,346.35714285714283
15.0,343.4
16.0,312.3125
16.0,325.3125
17.0,313.70588235294116
15.0,335.53333333333336
15.0,342.2
16.0,340.5625
16.0,343.9375
16.0,359.0625
16.0,341.375
16.0,352.4375
17.0,316.5882352941176
17.0,357.7647058823529
17.0,331.70588235294116
17.0,304.0
17.0,298.05882352941177
16.0,298.4375
17.0,318.4117647058824
16.0,321.25
15.0,310.53333333333336
16.0,323.3125
14.0,319.92857142857144
12.0,328.1666666666667
14.0,329.5
16.0,335.375
16.0,319.6875
16.0,368.0625
15.0,343.3333333333333
15.0,345.0
15.0,342.3333333333333
16.0,334.0625
16.0,306.5625
16.0,319.375
16.0,322.6875
16.0,351.9375
16.0,319.0
15.0,300.3333333333333
14.0,351.5
14.0,360.7857142857143
14.0,309.57142857142856
14.0,319.7857142857143
13.0,370.2307692307692
12.0,362.1666666666667
13.0,334.9230769230769
13.0,365.84615384615387
14.0,346.2857142857143
15.0,357.6666666666667
15.0,330.8666666666667
15.0,311.26666666666665
13.0,349.46153846153845
13.0,306.53846153846155
13.0,283.0769230769231
12.0,269.0
11.0,330.09090909090907
12.0,289.9166666666667
12.0,296.75
11.0,273.90909090909093
11.0,297.6363636363636
11.0,259.09090909090907
14.0,332.42857142857144
14.0,295.2142857142857
15.0,315.3333333333333
15.0,304.6
15.0,305.6
15.0,303.73333333333335
15.0,341.93333333333334
16.0,285.8125
16.0,321.9375
17.0,233.88235294117646
19.0,337.2631578947368
17.0,292.4117647058824
17.0,333.29411764705884
17.0,251.88235294117646
16.0,333.6875
17.0,291.11764705882354
16.0,331.9375
16.0,259.5625
16.0,319.6875
18.0,284.6111111111111
18.0,295.8333333333333
19.0,265.05263157894734
18.0,325.5
18.0,296.3888888888889
17.0,289.29411764705884
15.0,262.6
15.0,335.2
15.0,295.8666666666667
15.0,312.6666666666667
16.0,248.375
15.0,313.2
16.0,292.6875
17.0,312.70588235294116
17.0,280.8235294117647
16.0,319.1875
16.0,299.875
15.0,314.6666666666667
15.0,253.33333333333334
17.0,301.4117647058824
16.0,262.9375
16.0,305.125
16.0,257.5625
18.0,303.27777777777777
17.0,257.52941176470586
17.0,322.94117647058823
18.0,250.55555555555554
18.0,299.27777777777777
17.0,289.5882352941176
17.0,303.1764705882353
14.0,291.0
16.0,306.875
15.0,273.53333333333336
16.0,347.875
17.0,290.88235294117646
17.0,312.5882352941176
18.0,281.5
18.0,298.8333333333333
18.0,256.77777777777777
18.0,302.6666666666667
18.0,273.27777777777777
17.0,313.6470588235294
17.0,288.05882352941177
18.0,302.6111111111111
17.0,274.29411764705884
18.0,334.1666666666667
18.0,273.5
19.0,338.0
18.0,298.8333333333333
19.0,316.10526315789474
18.0,258.1111111111111
17.0,304.47058823529414
17.0,256.11764705882354
16.0,301.875
17.0,290.47058823529414
16.0,304.625
17.0,271.47058823529414
17.0,300.29411764705884
16.0,283.25
15.0,328.53333333333336
16.0,294.0
16.0,312.625
16.0,266.375
16.0,311.9375
16.0,292.4375
16.0,306.25
16.0,292.1875
15.0,284.8666666666667
17.0,296.47058823529414
17.0,306.52941176470586
16.0,258.1875
17.0,291.4117647058824
17.0,267.5882352941176
17.0,296.05882352941177
17.0,266.3529411764706
17.0,322.52941176470586
17.0,251.41176470588235
17.0,308.2352941176471
18.0,283.94444444444446
19.0,323.2105263157895
19.0,257.2631578947368
16.0,298.5
17.0,243.41176470588235
16.0,322.75
17.0,281.5882352941176
17.0,336.11764705882354
17.0,275.6470588235294
19.0,278.94736842105266
17.0,297.70588235294116
17.0,312.6470588235294
16.0,256.9375
14.0,316.35714285714283
14.0,298.85714285714283
14.0,308.7857142857143
14.0,274.0
15.0,331.8666666666667
15.0,281.2
15.0,327.73333333333335
15.0,274.4
13.0,332.15384615384613
13.0,280.7692307692308
13.0,316.53846153846155
13.0,275.2307692307692
12.0,341.5833333333333
13.0,301.84615384615387
13.0,285.0
14.0,270.92857142857144
14.0,330.07142857142856
14.0,267.42857142857144
14.0,312.5
13.0,273.7692307692308
13.0,341.2307692307692
13.0,284.15384615384613
14.0,305.35714285714283
15.0,298.53333333333336
15.0,318.4
15.0,261.26666666666665
16.0,309.6875
16.0,282.1875
16.0,342.4375
16.0,272.125
16.0,341.4375
15.0,264.0
15.0,317.6666666666667
16.0,295.375
16.0,346.0625
16.0,269.6875
16.0,313.25
15.0,269.73333333333335
14.0,337.92857142857144
14.0,276.85714285714283
15.0,317.2
17.0,294.6470588235294
17.0,335.4117647058824
19.0,250.73684210526315
19.0,303.05263157894734
20.0,307.0
20.0,322.1
20.0,290.05
20.0,332.9
20.0,283.9
20.0,314.45
20.0,251.6
20.0,336.25
18.0,302.22222222222223
17.0,277.70588235294116
17.0,265.88235294117646
17.0,320.3529411764706
19.0,306.1578947368421
18.0,305.44444444444446
18.0,271.77777777777777
18.0,351.94444444444446
18.0,285.72222222222223
17.0,325.0
16.0,253.75
16.0,313.875
15.0,317.6666666666667
14.0,342.7857142857143
14.0,251.92857142857142
14.0,283.42857142857144
16.0,284.75
16.0,316.25
16.0,284.75
16.0,327.6875
16.0,297.625
16.0,321.5625
15.0,277.4
14.0,315.92857142857144
16.0,266.1875
16.0,293.0
16.0,290.6875
16.0,322.0625
16.0,263.1875
15.0,322.0
15.0,270.8
15.0,311.53333333333336
17.0,300.11764705882354
18.0,336.5
18.0,287.6666666666667
17.0,310.3529411764706
16.0,257.8125
17.0,281.6470588235294
18.0,270.6111111111111
16.0,299.875
15.0,260.3333333333333
14.0,319.35714285714283
14.0,283.2857142857143
14.0,321.42857142857144
17.0,263.70588235294116
18.0,331.6666666666667
17.0,283.11764705882354
16.0,300.125
16.0,310.3125
16.0,335.3125
14.0,279.64285714285717
15.0,315.8
16.0,283.4375
15.0,327.4
18.0,264.1111111111111
17.0,323.6470588235294
17.0,281.05882352941177
16.0,341.3125
18.0,287.1666666666667
20.0,300.7
20.0,287.5
18.0,304.05555555555554
19.0,292.7894736842105
19.0,337.7368421052632
18.0,249.38888888888889
18.0,325.8333333333333
17.0,257.1764705882353
18.0,308.6666666666667
16.0,272.1875
17.0,333.5882352941176
18.0,305.6666666666667
18.0,298.1111111111111
17.0,287.70588235294116
17.0,288.3529411764706
17.0,283.1764705882353
16.0,326.8125
16.0,276.125
16.0,299.125
16.0,284.25
16.0,319.5625
16.0,243.8125
17.0,313.4117647058824
17.0,285.6470588235294
16.0,337.5625
15.0,298.1333333333333
15.0,307.73333333333335
16.0,263.25
17.0,309.88235294117646
18.0,276.55555555555554
18.0,283.6111111111111
17.0,271.47058823529414
17.0,331.7647058823529
17.0,263.1764705882353
17.0,309.6470588235294
16.0,284.4375
17.0,281.7647058823529
18.0,271.0
18.0,314.22222222222223
18.0,284.77777777777777
18.0,309.8888888888889
18.0,252.27777777777777
18.0,306.5
16.0,280.5625
16.0,337.0
17.0,298.94117647058823
19.0,309.05263157894734
18.0,276.8333333333333
17.0,310.7647058823529
16.0,253.8125
16.0,309.6875
16.0,293.0
15.0,306.26666666666665
15.0,293.8666666666667
14.0,294.85714285714283
15.0,271.8
15.0,302.2
14.0,276.85714285714283
14.0,313.57142857142856
14.0,264.92857142857144
13.0,281.46153846153845
15.0,290.93333333333334
15.0,300.73333333333335
15.0,291.53333333333336
16.0,325.3125
16.0,297.0625
17.0,316.1764705882353
18.0,263.6111111111111
18.0,311.8333333333333
18.0,289.3888888888889
16.0,299.3125
18.0,264.1111111111111
19.0,322.42105263157896
18.0,282.72222222222223
17.0,308.94117647058823
16.0,260.5
16.0,290.1875
15.0,303.2
13.0,338.2307692307692
14.0,298.2857142857143
15.0,328.93333333333334
15.0,294.6
15.0,328.26666666666665
16.0,285.3125
15.0,321.93333333333334
16.0,248.0625
14.0,299.5
14.0,295.14285714285717
15.0,353.73333333333335
15.0,313.8666666666667
15.0,327.93333333333334
15.0,266.0
16.0,325.125
14.0,265.85714285714283
15.0,317.53333333333336
14.0,265.35714285714283
14.0,335.42857142857144
14.0,263.64285714285717
13.0,305.38461538461536
15.0,291.73333333333335
16.0,347.5625
17.0,257.2352941176471
18.0,281.27777777777777
16.0,273.4375
17.0,318.3529411764706
18.0,254.61111111111111
17.0,298.5882352941176
17.0,300.52941176470586
18.0,339.1111111111111
18.0,262.72222222222223
18.0,302.6666666666667
17.0,250.94117647058823
19.0,338.94736842105266
19.0,267.5263157894737
19.0,290.1578947368421
19.0,271.8421052631579
20.0,340.7
21.0,283.3809523809524
20.0,304.5
19.0,284.2631578947368
16.0,321.4375
16.0,287.875
16.0,311.25
15.0,260.53333333333336
14.0,310.92857142857144
12.0,290.5833333333333
12.0,310.0
13.0,269.15384615384613
13.0,303.53846153846155
13.0,286.7692307692308
13.0,303.9230769230769
13.0,237.84615384615384
14.0,324.2142857142857
12.0,283.3333333333333
13.0,294.46153846153845
13.0,260.61538461538464
13.0,307.3076923076923
13.0,274.9230769230769
13.0,305.7692307692308
14.0,285.42857142857144
14.0,330.7142857142857
14.0,238.64285714285714
13.0,318.0769230769231
13.0,268.0769230769231
14.0,301.57142857142856
14.0,259.5
14.0,328.92857142857144
14.0,291.7857142857143
13.0,343.61538461538464
13.0,308.0
13.0,313.38461538461536
14.0,260.7142857142857
13.0,321.3076923076923
13.0,268.0
13.0,311.7692307692308
13.0,263.15384615384613
12.0,309.75
12.0,272.1666666666667
12.0,293.8333333333333
10.0,252.4
10.0,337.5
12.0,263.1666666666667
13.0,337.9230769230769
13.0,291.9230769230769
13.0,297.38461538461536
13.0,278.38461538461536
12.0,309.5
12.0,293.9166666666667
14.0,318.07142857142856
15.0,275.1333333333333
15.0,331.73333333333335
15.0,244.0
14.0,324.57142857142856
13.0,243.3846153846154
15.0,292.93333333333334
16.0,278.75
15.0,329.0
15.0,285.0
15.0,320.4
15.0,290.8666666666667
15.0,313.6
15.0,273.0
13.0,313.9230769230769
15.0,284.2
15.0,318.8
14.0,252.78571428571428
15.0,296.46666666666664
14.0,254.42857142857142
15.0,311.4
15.0,267.6
15.0,347.26666666666665
16.0,274.125
16.0,303.1875
15.0,264.53333333333336
15.0,313.06666666666666
15.0,261.8666666666667
14.0,310.07142857142856
14.0,256.5
14.0,309.42857142857144
15.0,274.2
15.0,324.8
15.0,271.93333333333334
15.0,315.8
15.0,280.2
14.0,301.14285714285717
14.0,276.14285714285717
15.0,294.8666666666667
15.0,287.6666666666667
16.0,305.875
17.0,272.8235294117647
16.0,359.75
15.0,285.06666666666666
16.0,346.0625
16.0,282.625
16.0,342.25
15.0,274.8
15.0,305.2
15.0,249.66666666666666
14.0,288.2857142857143
13.0,284.0
15.0,301.6
16.0,245.4375
16.0,369.5
16.0,320.6875
16.0,339.1875
15.0,270.46666666666664
17.0,316.5882352941176
17.0,249.76470588235293
17.0,293.29411764705884
17.0,279.29411764705884
16.0,323.875
14.0,287.2142857142857
13.0,330.53846153846155
13.0,283.38461538461536
14.0,296.64285714285717
10.0,265.4
13.0,292.15384615384613
14.0,253.92857142857142
13.0,315.2307692307692
14.0,234.07142857142858
14.0,297.92857142857144
16.0,255.625
17.0,324.29411764705884
16.0,288.8125
16.0,341.6875
16.0,273.75
15.0,323.26666666666665
16.0,249.25
15.0,317.6666666666667
14.0,273.7142857142857
13.0,334.46153846153845
12.0,260.5
13.0,302.15384615384613
14.0,281.92857142857144
15.0,319.26666666666665
16.0,276.0625
16.0,320.0
19.0,272.4736842105263
20.0,270.45
19.0,277.0
19.0,324.63157894736844
19.0,295.10526315789474
18.0,328.6111111111111
18.0,266.72222222222223
19.0,318.7894736842105
19.0,293.94736842105266
18.0,326.3333333333333
17.0,354.94117647058823
16.0,396.3125
16.0,356.0
18.0,379.6111111111111
17.0,349.4117647058824
17.0,420.0
16.0,303.25
15.0,314.6666666666667
16.0,269.4375
16.0,340.375
16.0,291.375
16.0,359.8125
16.0,312.875
15.0,332.0
16.0,336.375
16.0,327.0625
17.0,319.11764705882354
17.0,323.6470588235294
17.0,324.70588235294116
16.0,320.25
16.0,358.75
16.0,325.125
15.0,351.73333333333335
14.0,318.57142857142856
16.0,340.125
15.0,309.8666666666667
15.0,326.0
16.0,349.0
16.0,339.625
16.0,333.0625
16.0,309.4375
16.0,349.125
17.0,344.70588235294116
17.0,320.7647058823529
17.0,309.94117647058823
16.0,317.5625
17.0,306.52941176470586
16.0,312.4375
17.0,318.1764705882353
17.0,316.88235294117646
17.0,319.3529411764706
17.0,345.3529411764706
17.0,330.7647058823529
17.0,351.52941176470586
17.0,319.8235294117647
18.0,334.8888888888889
19.0,308.05263157894734
19.0,321.5263157894737
18.0,351.3333333333333
18.0,317.1666666666667
16.0,342.75
14.0,313.92857142857144
14.0,324.85714285714283
13.0,320.0
13.0,289.3076923076923
12.0,336.9166666666667
12.0,333.4166666666667
12.0,337.3333333333333
11.0,298.0
10.0,304.3
10.0,319.3
10.0,297.0
10.0,305.0
11.0,302.09090909090907
11.0,318.3636363636364
11.0,315.27272727272725
10.0,349.8
11.0,341.8181818181818
11.0,327.6363636363636
11.0,345.1818181818182
12.0,287.25
13.0,331.2307692307692
12.0,313.9166666666667
14.0,329.85714285714283
13.0,342.2307692307692
12.0,373.5
12.0,349.5
11.0,334.09090909090907
12.0,330.8333333333333
12.0,342.25
11.0,314.27272727272725
11.0,317.6363636363636
11.0,342.90909090909093
12.0,341.9166666666667
12.0,337.9166666666667
12.0,357.1666666666667
13.0,370.0
14.0,337.0
14.0,323.35714285714283
14.0,334.14285714285717
14.0,335.2142857142857
15.0,334.3333333333333
15.0,353.3333333333333
16.0,318.75
16.0,339.5625
16.0,350.5625
16.0,311.125
14.0,284.85714285714283
14.0,317.35714285714283
14.0,324.42857142857144
13.0,342.0769230769231
13.0,330.61538461538464
13.0,354.2307692307692
13.0,342.3076923076923
12.0,341.9166666666667
12.0,306.4166666666667
12.0,353.75
12.0,333.8333333333333
12.0,312.1666666666667
12.0,335.8333333333333
13.0,337.46153846153845
12.0,347.8333333333333
11.0,331.1818181818182
12.0,290.25
15.0,307.6666666666667
16.0,320.5625
16.0,307.75
17.0,308.7647058823529
16.0,345.4375
15.0,334.6666666666667
15.0,314.73333333333335
15.0,326.0
15.0,349.6666666666667
13.0,304.0769230769231
13.0,363.6923076923077
13.0,331.3076923076923
13.0,344.84615384615387
13.0,288.61538461538464
12.0,334.8333333333333
12.0,312.75
14.0,320.92857142857144
14.0,313.2857142857143
13.0,330.84615384615387
12.0,312.8333333333333
13.0,331.15384615384613
14.0,344.2857142857143
13.0,344.46153846153845
13.0,336.9230769230769
13.0,337.7692307692308
14.0,336.42857142857144
15.0,318.2
17.0,324.94117647058823
17.0,311.5882352941176
17.0,329.6470588235294
15.0,341.46666666666664
15.0,319.6666666666667
15.0,324.06666666666666
14.0,335.57142857142856
13.0,342.84615384615387
14.0,333.0
14.0,350.42857142857144
14.0,314.92857142857144
14.0,330.14285714285717
14.0,316.64285714285717
15.0,347.0
15.0,324.53333333333336
14.0,335.85714285714283
14.0,320.2142857142857
14.0,343.5
15.0,332.8
15.0,325.8
14.0,320.64285714285717
14.0,322.57142857142856
14.0,333.57142857142856
14.0,353.07142857142856
14.0,344.2142857142857
13.0,342.61538461538464
12.0,334.6666666666667
12.0,344.9166666666667
11.0,318.54545454545456
12.0,325.25
13.0,348.2307692307692
13.0,348.6923076923077
15.0,327.73333333333335
15.0,335.06666666666666
15.0,309.8666666666667
15.0,315.1333333333333
16.0,340.0625
16.0,333.0625
17.0,300.8235294117647
18.0,322.1666666666667
18.0,323.77777777777777
17.0,307.47058823529414
17.0,342.94117647058823
18.0,329.44444444444446
18.0,351.3888888888889
20.0,308.55
20.0,343.05
20.0,312.3
20.0,313.3
20.0,353.0
19.0,346.42105263157896
18.0,317.0
17.0,342.2352941176471
18.0,334.6666666666667
18.0,328.1666666666667
18.0,321.44444444444446
19.0,340.89473684210526
20.0,342.9
20.0,327.5
18.0,308.77777777777777
17.0,323.6470588235294
19.0,352.7368421052632
19.0,301.6842105263158
19.0,348.4736842105263
21.0,321.76190476190476
21.0,325.7142857142857
20.0,336.65
20.0,326.6
20.0,327.55
20.0,296.6
18.0,316.22222222222223
17.0,335.5882352941176
17.0,308.47058823529414
17.0,334.52941176470586
16.0,296.6875
16.0,335.0
15.0,296.46666666666664
15.0,309.4
16.0,326.875
16.0,309.1875
16.0,323.8125
16.0,328.75
16.0,348.25
16.0,329.375
15.0,290.4
14.0,300.42857142857144
16.0,318.4375
16.0,341.9375
16.0,325.5625
16.0,320.75
14.0,332.07142857142856
18.0,333.72222222222223
17.0,346.47058823529414
17.0,325.5882352941176
15.0,325.46666666666664
15.0,323.8
16.0,321.1875
15.0,337.3333333333333
16.0,308.0
16.0,321.75
15.0,310.73333333333335
15.0,332.73333333333335
17.0,308.47058823529414
16.0,341.6875
15.0,313.46666666666664
15.0,278.46666666666664
14.0,321.92857142857144
14.0,335.57142857142856
14.0,344.42857142857144
14.0,325.7142857142857
14.0,358.7142857142857
14.0,319.14285714285717
13.0,296.3076923076923
14.0,311.07142857142856
13.0,320.53846153846155
13.0,353.46153846153845
13.0,330.15384615384613
14.0,303.64285714285717
14.0,304.2857142857143
13.0,337.46153846153845
13.0,314.38461538461536
12.0,348.3333333333333
12.0,334.5833333333333
12.0,316.9166666666667
13.0,350.9230769230769
13.0,308.15384615384613
12.0,329.25
13.0,343.38461538461536
15.0,301.53333333333336
16.0,326.9375
16.0,305.8125
18.0,294.55555555555554
16.0,325.625
14.0,335.92857142857144
15.0,312.26666666666665
16.0,342.25
15.0,312.6
15.0,314.93333333333334
14.0,323.64285714285717
13.0,337.9230769230769
14.0,322.57142857142856
15.0,379.8666666666667
17.0,324.1764705882353
15.0,341.73333333333335
15.0,326.73333333333335
14.0,320.7857142857143
15.0,325.6666666666667
15.0,319.3333333333333
14.0,337.0
14.0,332.7857142857143
13.0,354.46153846153845
14.0,326.85714285714283
14.0,330.2142857142857
13.0,318.3076923076923
14.0,290.42857142857144
15.0,321.4
16.0,332.5625
16.0,368.9375
16.0,323.0
15.0,341.2
15.0,319.26666666666665
15.0,339.3333333333333
15.0,329.1333333333333
15.0,359.1333333333333
13.0,343.2307692307692
13.0,316.0
13.0,316.53846153846155
13.0,335.2307692307692
14.0,325.14285714285717
15.0,314.6666666666667
16.0,324.875
17.0,363.52941176470586
17.0,317.47058823529414
17.0,331.1764705882353
17.0,354.0
17.0,336.0
19.0,331.4736842105263
20.0,370.65
19.0,313.6842105263158
19.0,314.94736842105266
19.0,319.36842105263156
17.0,339.47058823529414
17.0,322.6470588235294
15.0,345.4
15.0,340.93333333333334
15.0,340.26666666666665
16.0,326.0
17.0,356.7647058823529
19.0,317.2105263157895
19.0,335.89473684210526
18.0,317.3888888888889
18.0,329.44444444444446
18.0,358.0
18.0,320.6111111111111
18.0,330.1666666666667
16.0,329.9375
15.0,354.6666666666667
17.0,337.47058823529414
17.0,320.1764705882353
17.0,318.05882352941177
17.0,359.94117647058823
17.0,359.29411764705884
16.0,309.5625
15.0,334.0
16.0,334.8125
16.0,314.5625
16.0,335.5
14.0,302.07142857142856
15.0,338.3333333333333
15.0,344.6666666666667
14.0,321.42857142857144
15.0,327.0
15.0,336.06666666666666
14.0,338.2857142857143
16.0,304.6875
16.0,318.5625
14.0,282.14285714285717
14.0,313.14285714285717
16.0,286.9375
15.0,328.73333333333335
15.0,309.1333333333333
15.0,336.93333333333334
15.0,334.0
15.0,318.06666666666666
15.0,338.8666666666667
15.0,340.53333333333336
16.0,317.75
14.0,341.2857142857143
16.0,353.625
17.0,368.88235294117646
17.0,349.05882352941177
18.0,343.72222222222223
19.0,348.4736842105263
21.0,348.85714285714283
20.0,346.95
19.0,323.7894736842105
19.0,307.89473684210526
18.0,347.1666666666667
17.0,349.0
17.0,340.8235294117647
17.0,305.70588235294116
17.0,307.8235294117647
18.0,321.94444444444446
18.0,337.1666666666667
17.0,322.94117647058823
17.0,330.70588235294116
16.0,360.4375
16.0,357.3125
15.0,363.1333333333333
15.0,337.4
15.0,339.53333333333336
16.0,319.9375
16.0,320.4375
15.0,335.53333333333336
13.0,328.2307692307692
15.0,353.8666666666667
15.0,328.8
14.0,349.14285714285717
13.0,334.15384615384613
13.0,328.2307692307692
13.0,327.38461538461536
13.0,319.6923076923077
13.0,319.38461538461536
15.0,328.4
14.0,326.64285714285717
14.0,321.85714285714283
14.0,333.2857142857143
14.0,353.0
15.0,312.53333333333336
15.0,335.06666666666666
15.0,322.8666666666667
15.0,345.53333333333336
15.0,326.6
15.0,290.3333333333333
14.0,328.42857142857144
14.0,329.7142857142857
13.0,316.15384615384613
13.0,316.84615384615387
11.0,326.72727272727275
10.0,375.2
10.0,323.5
11.0,351.27272727272725
12.0,313.5
12.0,340.0
13.0,299.46153846153845
14.0,355.7857142857143
12.0,334.75
16.0,332.3125
16.0,322.3125
17.0,317.70588235294116
18.0,324.05555555555554
19.0,335.10526315789474
19.0,346.94736842105266
19.0,341.89473684210526
19.0,302.7894736842105
18.0,308.3333333333333
16.0,328.125
15.0,356.8666666666667
15.0,344.46666666666664
15.0,360.2
15.0,319.06666666666666
14.0,316.7142857142857
14.0,347.2857142857143
12.0,342.25
13.0,324.2307692307692
13.0,319.7692307692308
13.0,303.6923076923077
14.0,285.07142857142856
14.0,293.5
14.0,328.92857142857144
14.0,337.42857142857144
12.0,330.9166666666667
12.0,309.3333333333333
14.0,331.5
14.0,317.2142857142857
14.0,361.35714285714283
13.0,330.9230769230769
12.0,348.75
12.0,335.1666666666667
12.0,358.5
13.0,335.9230769230769
16.0,332.125
18.0,300.1666666666667
19.0,324.6842105263158
19.0,342.7368421052632
18.0,308.0
18.0,322.55555555555554
18.0,322.3333333333333
17.0,303.47058823529414
16.0,334.5625
18.0,330.72222222222223
16.0,313.3125
16.0,305.1875
14.0,343.5
16.0,299.9375
16.0,308.3125
17.0,321.2352941176471
17.0,301.05882352941177
18.0,326.27777777777777
18.0,327.1111111111111
18.0,335.6666666666667
18.0,338.1111111111111
18.0,329.55555555555554
17.0,338.4117647058824
17.0,346.8235294117647
18.0,332.55555555555554
18.0,346.22222222222223
16.0,365.25
16.0,344.8125
15.0,349.4
14.0,341.42857142857144
14.0,322.85714285714283
13.0,310.61538461538464
13.0,334.7692307692308
12.0,337.1666666666667
11.0,331.8181818181818
11.0,325.09090909090907
12.0,293.25
12.0,314.5833333333333
12.0,308.9166666666667
13.0,315.53846153846155
13.0,323.46153846153845
13.0,307.15384615384613
15.0,292.2
13.0,352.7692307692308
13.0,333.2307692307692
13.0,348.84615384615387
13.0,342.0
13.0,330.53846153846155
12.0,321.0833333333333
12.0,322.3333333333333
12.0,313.8333333333333
11.0,322.8181818181818
11.0,316.45454545454544
13.0,328.84615384615387
13.0,323.84615384615387
14.0,357.64285714285717
14.0,354.42857142857144
15.0,332.26666666666665
16.0,331.5
16.0,290.25
16.0,288.0625
16.0,288.625
16.0,347.3125
15.0,361.3333333333333
14.0,312.92857142857144
16.0,322.5625
15.0,305.06666666666666
15.0,324.06666666666666
16.0,272.9375
18.0,300.0
16.0,259.125
14.0,333.85714285714283
13.0,271.7692307692308
14.0,306.42857142857144
14.0,274.35714285714283
14.0,303.07142857142856
15.0,225.73333333333332
15.0,329.06666666666666
16.0,296.0625
16.0,305.125
15.0,266.0
14.0,310.0
14.0,288.7142857142857
13.0,293.53846153846155
14.0,285.7142857142857
13.0,348.53846153846155
13.0,272.6923076923077
13.0,291.15384615384613
13.0,269.61538461538464
13.0,308.6923076923077
14.0,269.5
13.0,302.9230769230769
13.0,286.7692307692308
14.0,308.2857142857143
14.0,264.57142857142856
15.0,319.53333333333336
15.0,305.8666666666667
15.0,329.06666666666666
15.0,266.3333333333333
15.0,331.4
16.0,297.9375
15.0,327.2
16.0,312.9375
16.0,332.875
16.0,298.5
15.0,312.26666666666665
15.0,296.93333333333334
15.0,309.26666666666665
15.0,283.53333333333336
15.0,321.4
16.0,278.0625
16.0,315.9375
18.0,280.77777777777777
19.0,311.63157894736844
17.0,264.6470588235294
17.0,332.29411764705884
18.0,273.22222222222223
17.0,305.0
17.0,276.11764705882354
19.0,303.6842105263158
17.0,273.6470588235294
17.0,330.47058823529414
15.0,251.4
16.0,310.6875
16.0,275.5
16.0,317.8125
15.0,261.8
16.0,317.625
15.0,283.8
14.0,311.0
15.0,270.3333333333333
14.0,292.7142857142857
15.0,270.8666666666667
15.0,337.53333333333336
15.0,289.1333333333333
16.0,299.625
16.0,264.3125
16.0,309.3125
15.0,260.6666666666667
14.0,316.85714285714283
13.0,285.2307692307692
12.0,300.1666666666667
11.0,302.72727272727275
10.0,322.7
11.0,267.72727272727275
11.0,325.90909090909093
12.0,289.6666666666667
11.0,299.45454545454544
11.0,265.8181818181818
11.0,297.3636363636364
13.0,281.3076923076923
14.0,318.0
16.0,286.9375
16.0,307.125
15.0,256.06666666666666
15.0,313.1333333333333
17.0,299.29411764705884
18.0,300.55555555555554
17.0,250.47058823529412
18.0,320.6111111111111
17.0,295.05882352941177
17.0,322.3529411764706
17.0,268.8235294117647
17.0,311.88235294117646
16.0,295.125
17.0,300.94117647058823
18.0,300.6111111111111
18.0,365.8333333333333
16.0,256.9375
16.0,287.0
15.0,289.53333333333336
15.0,325.53333333333336
15.0,280.8666666666667
14.0,300.92857142857144
12.0,265.1666666666667
13.0,298.9230769230769
15.0,289.93333333333334
14.0,337.42857142857144
15.0,288.8
13.0,318.9230769230769
13.0,258.9230769230769
13.0,337.6923076923077
13.0,285.9230769230769
13.0,297.53846153846155
13.0,289.3076923076923
13.0,332.61538461538464
11.0,295.1818181818182
11.0,296.09090909090907
10.0,282.8
11.0,332.45454545454544
11.0,271.3636363636364
13.0,296.38461538461536
13.0,270.9230769230769
13.0,300.2307692307692
13.0,239.15384615384616
13.0,282.3076923076923
13.0,249.53846153846155
14.0,314.0
14.0,264.2142857142857
15.0,298.53333333333336
15.0,289.06666666666666
15.0,297.8666666666667
15.0,280.3333333333333
16.0,331.3125
15.0,308.3333333333333
14.0,327.2857142857143
14.0,268.42857142857144
17.0,323.5882352941176
17.0,257.2352941176471
20.0,311.4
21.0,266.9047619047619
20.0,313.4
20.0,252.65
17.0,277.0
18.0,274.0
16.0,356.8125
18.0,287.1111111111111
19.0,326.8421052631579
17.0,291.3529411764706
16.0,339.25
16.0,295.8125
16.0,324.0625
16.0,291.75
15.0,326.53333333333336
12.0,280.5
11.0,295.27272727272725
11.0,275.0
12.0,285.4166666666667
12.0,278.0833333333333
12.0,306.9166666666667
12.0,297.25
12.0,328.8333333333333
12.0,263.0833333333333
13.0,334.15384615384613
12.0,260.5833333333333
13.0,284.3076923076923
14.0,259.92857142857144
16.0,317.125
15.0,262.93333333333334
16.0,299.125
16.0,284.5
17.0,315.6470588235294
17.0,277.6470588235294
17.0,323.3529411764706
17.0,276.8235294117647
17.0,317.4117647058824
18.0,279.8888888888889
17.0,306.11764705882354
17.0,288.88235294117646
19.0,348.36842105263156
19.0,300.7368421052632
19.0,302.1578947368421
17.0,316.05882352941177
16.0,303.625
16.0,313.625
16.0,324.0625
17.0,269.4117647058824
16.0,320.8125
15.0,285.53333333333336
13.0,274.0769230769231
11.0,273.1818181818182
11.0,326.90909090909093
11.0,273.90909090909093
11.0,287.8181818181818
10.0,271.0
10.0,288.6
10.0,292.4
10.0,294.3
11.0,282.6363636363636
11.0,318.8181818181818
10.0,249.1
10.0,323.1
10.0,259.6
10.0,299.2
10.0,272.6
10.0,320.1
11.0,274.90909090909093
11.0,342.72727272727275
11.0,257.8181818181818
11.0,317.45454545454544
12.0,295.8333333333333
12.0,333.3333333333333
12.0,308.5833333333333
12.0,337.5833333333333
13.0,274.2307692307692
14.0,313.5
14.0,284.92857142857144
15.0,312.53333333333336
15.0,310.0
15.0,316.53333333333336
14.0,258.2857142857143
14.0,318.5
14.0,306.14285714285717
13.0,312.0769230769231
14.0,271.7857142857143
15.0,339.3333333333333
15.0,306.6666666666667
17.0,370.5882352941176
16.0,269.5625
16.0,320.1875
16.0,289.0
17.0,316.2352941176471
17.0,293.0
17.0,326.7647058823529
16.0,244.375
17.0,306.8235294117647
17.0,276.52941176470586
19.0,312.7894736842105
19.0,278.2105263157895
19.0,312.57894736842104
19.0,268.89473684210526
19.0,304.7368421052632
17.0,250.94117647058823
17.0,318.70588235294116
17.0,268.29411764705884
17.0,332.05882352941177
17.0,279.47058823529414
17.0,298.3529411764706
18.0,272.77777777777777
17.0,330.05882352941177
17.0,271.88235294117646
17.0,320.70588235294116
17.0,296.11764705882354
16.0,279.375
14.0,302.42857142857144
15.0,315.8
16.0,256.75
16.0,305.875
16.0,277.25
16.0,293.0
16.0,262.1875
17.0,291.8235294117647
16.0,275.625
16.0,313.1875
14.0,256.7142857142857
13.0,334.15384615384613
14.0,250.28571428571428
12.0,316.5
12.0,266.25
13.0,311.0
13.0,265.9230769230769
13.0,290.6923076923077
14.0,277.57142857142856
14.0,308.64285714285717
15.0,278.8666666666667
15.0,289.06666666666666
14.0,236.92857142857142
13.0,338.38461538461536
13.0,273.6923076923077
14.0,310.7857142857143
14.0,271.2142857142857
15.0,320.93333333333334
15.0,275.2
14.0,308.7142857142857
14.0,253.5
14.0,318.2857142857143
15.0,256.1333333333333
14.0,309.2857142857143
14.0,241.78571428571428
14.0,322.2857142857143
13.0,262.7692307692308
14.0,308.7857142857143
13.0,250.0
15.0,306.8666666666667
15.0,281.26666666666665
14.0,348.0
14.0,275.57142857142856
14.0,336.07142857142856
15.0,240.6
16.0,301.1875
17.0,287.52941176470586
17.0,309.7647058823529
17.0,288.2352941176471
16.0,331.375
15.0,262.8666666666667
15.0,310.1333333333333
16.0,245.625
16.0,337.8125
15.0,292.6
16.0,322.3125
16.0,292.625
15.0,315.6666666666667
16.0,273.0625
16.0,316.6875
15.0,241.93333333333334
16.0,319.5
15.0,267.8
15.0,292.6
15.0,261.93333333333334
16.0,307.0625
15.0,318.26666666666665
14.0,319.85714285714283
15.0,284.53333333333336
15.0,310.6
15.0,284.3333333333333
15.0,325.8
15.0,303.0
16.0,312.25
15.0,252.73333333333332
15.0,321.3333333333333
15.0,279.8666666666667
16.0,299.375
16.0,275.8125
16.0,326.6875
16.0,292.625
15.0,333.2
15.0,278.2
15.0,294.06666666666666
16.0,308.125
16.0,297.625
16.0,268.75
14.0,288.07142857142856
14.0,291.2857142857143
15.0,339.1333333333333
14.0,282.0
15.0,324.2
16.0,309.0625
16.0,295.125
15.0,251.66666666666666
15.0,277.3333333333333
16.0,265.5
17.0,308.8235294117647
17.0,281.4117647058824
17.0,321.1764705882353
16.0,288.1875
17.0,315.47058823529414
17.0,257.7647058823529
16.0,303.875
17.0,312.94117647058823
17.0,312.70588235294116
18.0,252.88888888888889
20.0,316.5
19.0,285.36842105263156
19.0,305.0
19.0,291.94736842105266
17.0,328.8235294117647
15.0,242.8
15.0,319.3333333333333
16.0,254.9375
16.0,332.0625
16.0,273.125
15.0,354.8
15.0,271.8666666666667
16.0,290.4375
15.0,290.26666666666665
15.0,295.06666666666666
15.0,277.26666666666665
17.0,317.47058823529414
16.0,284.4375
16.0,312.25
15.0,277.93333333333334
15.0,299.93333333333334
14.0,265.35714285714283
12.0,316.8333333333333
13.0,250.92307692307693
13.0,313.7692307692308
14.0,266.42857142857144
13.0,322.38461538461536
15.0,282.8666666666667
15.0,334.73333333333335
15.0,273.6666666666667
16.0,318.625
16.0,251.125
17.0,307.52941176470586
17.0,285.70588235294116
18.0,344.6111111111111
17.0,293.94117647058823
17.0,324.94117647058823
17.0,316.3529411764706
18.0,263.55555555555554
17.0,285.5882352941176
16.0,302.5
16.0,277.5625
16.0,301.6875
16.0,282.5625
17.0,330.0
16.0,310.3125
16.0,324.5
17.0,270.94117647058823
17.0,306.1764705882353
19.0,306.7368421052632
19.0,337.4736842105263
18.0,282.55555555555554
18.0,301.3333333333333
18.0,277.8333333333333
19.0,318.4736842105263
20.0,291.8
20.0,304.9
17.0,221.58823529411765
16.0,315.125
18.0,315.55555555555554
18.0,340.3333333333333
16.0,267.1875
18.0,327.6111111111111
18.0,299.72222222222223
18.0,357.55555555555554
18.0,286.1111111111111
18.0,299.27777777777777
18.0,270.5
18.0,293.94444444444446
18.0,278.3333333333333
16.0,307.3125
16.0,303.25
16.0,324.625
16.0,272.375
16.0,314.5625
16.0,267.3125
17.0,334.4117647058824
17.0,283.1764705882353
16.0,305.0625
16.0,270.8125
15.0,302.6666666666667
15.0,284.6
15.0,319.4
15.0,279.93333333333334
14.0,321.42857142857144
14.0,281.2142857142857
14.0,308.57142857142856
13.0,269.0769230769231
12.0,323.75
12.0,297.5
13.0,332.9230769230769
12.0,300.5
12.0,304.0833333333333
13.0,296.3076923076923
14.0,308.64285714285717
13.0,271.6923076923077
13.0,305.15384615384613
15.0,269.06666666666666
15.0,286.8666666666667
14.0,273.42857142857144
14.0,301.7857142857143
14.0,276.92857142857144
14.0,287.92857142857144
14.0,285.57142857142856
15.0,329.73333333333335
14.0,292.2857142857143
14.0,326.14285714285717
13.0,274.0769230769231
13.0,284.6923076923077
13.0,251.84615384615384
12.0,332.4166666666667
12.0,293.0833333333333
13.0,311.9230769230769
17.0,254.94117647058823
20.0,308.1
20.0,247.45
21.0,324.95238095238096
21.0,290.42857142857144
19.0,305.42105263157896
18.0,273.3888888888889
20.0,298.0
19.0,269.10526315789474
19.0,307.8421052631579
19.0,253.26315789473685
17.0,328.7647058823529
17.0,267.8235294117647
17.0,303.52941176470586
17.0,266.6470588235294
17.0,340.0
15.0,276.6666666666667
16.0,304.25
16.0,324.625
16.0,377.5625
16.0,373.4375
17.0,380.7647058823529
17.0,334.7647058823529
16.0,391.75
17.0,298.47058823529414
18.0,333.44444444444446
17.0,266.94117647058823
18.0,333.0
18.0,285.6111111111111
16.0,320.1875
17.0,286.4117647058824
18.0,319.1111111111111
17.0,316.4117647058824
17.0,319.6470588235294
17.0,311.4117647058824
17.0,324.3529411764706
17.0,305.3529411764706
17.0,368.70588235294116
16.0,340.875
15.0,336.8666666666667
16.0,336.0625
16.0,324.9375
15.0,347.46666666666664
14.0,336.07142857142856
12.0,354.3333333333333
12.0,340.6666666666667
10.0,347.0
10.0,350.1
11.0,311.6363636363636
10.0,339.6
10.0,317.0
11.0,317.90909090909093
11.0,343.8181818181818
11.0,305.3636363636364
11.0,354.90909090909093
11.0,301.72727272727275
10.0,322.0
11.0,328.8181818181818
11.0,341.72727272727275
11.0,346.27272727272725
11.0,310.72727272727275
10.0,334.0
10.0,322.6
9.0,289.77777777777777
9.0,328.8888888888889
8.0,318.875
9.0,365.44444444444446
9.0,340.1111111111111
9.0,326.3333333333333
8.0,329.0
8.0,332.0
8.0,326.0
9.0,328.1111111111111
9.0,341.3333333333333
12.0,329.25
12.0,355.9166666666667
12.0,351.5833333333333
12.0,352.0833333333333
12.0,341.75
12.0,313.5833333333333
13.0,319.2307692307692
12.0,296.3333333333333
15.0,341.0
16.0,331.4375
18.0,318.55555555555554
18.0,332.6666666666667
17.0,339.6470588235294
19.0,368.57894736842104
19.0,350.3157894736842
21.0,348.9047619047619
24.0,335.1666666666667
24.0,337.5833333333333
24.0,322.2916666666667
24.0,335.2083333333333
24.0,344.8333333333333
26.0,373.11538461538464
24.0,338.6666666666667
23.0,338.2608695652174
22.0,317.95454545454544
23.0,333.0869565217391
22.0,310.95454545454544
19.0,325.10526315789474
18.0,338.77777777777777
19.0,354.63157894736844
19.0,326.10526315789474
20.0,339.2
18.0,321.77777777777777
19.0,323.7894736842105
19.0,324.94736842105266
19.0,328.05263157894734
19.0,323.36842105263156
19.0,331.05263157894734
19.0,336.36842105263156
19.0,317.10526315789474
19.0,331.2105263157895
20.0,328.8
22.0,354.6818181818182
22.0,336.90909090909093
22.0,335.90909090909093
21.0,311.2857142857143
22.0,333.8181818181818
20.0,343.05
20.0,347.45
19.0,322.7368421052632
19.0,395.7894736842105
19.0,333.7894736842105
19.0,354.57894736842104
18.0,337.5
18.0,320.6666666666667
18.0,341.72222222222223
18.0,337.22222222222223
16.0,339.875
16.0,342.8125
16.0,310.875
16.0,332.875
17.0,326.4117647058824
17.0,324.5882352941176
18.0,348.22222222222223
18.0,352.27777777777777
18.0,341.22222222222223
17.0,316.4117647058824
16.0,345.3125
16.0,340.5
15.0,320.26666666666665
14.0,322.92857142857144
15.0,296.93333333333334
17.0,341.70588235294116
18.0,359.77777777777777
17.0,325.88235294117646
17.0,331.47058823529414
17.0,323.1764705882353
17.0,318.2352941176471
18.0,305.1666666666667
19.0,312.63157894736844
19.0,330.4736842105263
19.0,281.5263157894737
19.0,322.10526315789474
19.0,319.2105263157895
19.0,355.42105263157896
19.0,342.63157894736844
20.0,352.75
19.0,320.63157894736844
18.0,341.8333333333333
17.0,343.94117647058823
17.0,320.70588235294116
16.0,307.75
17.0,320.3529411764706
16.0,347.5
15.0,318.8
16.0,314.6875
14.0,348.35714285714283
14.0,354.0
15.0,335.26666666666665
14.0,341.07142857142856
13.0,315.15384615384613
13.0,359.46153846153845
14.0,347.2142857142857
15.0,333.6666666666667
15.0,353.6
14.0,311.0
15.0,309.46666666666664
16.0,364.9375
17.0,322.3529411764706
16.0,356.0
15.0,346.2
15.0,292.4
14.0,338.57142857142856
13.0,332.53846153846155
12.0,308.4166666666667
14.0,336.14285714285717
14.0,335.2857142857143
14.0,299.0
14.0,321.92857142857144
14.0,322.85714285714283
14.0,343.85714285714283
15.0,307.93333333333334
16.0,348.4375
19.0,316.5263157894737
19.0,307.8421052631579
20.0,306.0
20.0,318.35
20.0,302.4
20.0,324.7
20.0,337.35
19.0,314.57894736842104
18.0,347.72222222222223
15.0,306.06666666666666
15.0,319.3333333333333
14.0,306.0
15.0,327.4
15.0,339.26666666666665
15.0,343.26666666666665
15.0,319.46666666666664
14.0,319.42857142857144
15.0,319.4
14.0,331.7857142857143
16.0,331.5
15.0,334.93333333333334
15.0,366.1333333333333
17.0,337.47058823529414
17.0,356.0
17.0,317.94117647058823
17.0,355.88235294117646
16.0,344.4375
16.0,359.3125
15.0,320.8
15.0,312.1333333333333
15.0,302.6
15.0,291.73333333333335
15.0,290.93333333333334
15.0,319.06666666666666
14.0,331.2142857142857
14.0,320.35714285714283
14.0,344.57142857142856
15.0,341.6
14.0,316.7142857142857
14.0,324.14285714285717
15.0,321.6
15.0,335.46666666666664
15.0,335.93333333333334
16.0,340.8125
15.0,320.53333333333336
16.0,348.25
16.0,305.75
16.0,348.4375
15.0,318.0
15.0,348.4
14.0,325.92857142857144
13.0,343.0769230769231
14.0,332.14285714285717
13.0,358.84615384615387
13.0,322.9230769230769
14.0,354.42857142857144
14.0,333.92857142857144
14.0,298.85714285714283
14.0,347.0
14.0,369.14285714285717
14.0,326.2857142857143
15.0,334.6
17.0,316.1764705882353
17.0,336.29411764705884
16.0,334.0
16.0,331.3125
17.0,344.47058823529414
16.0,323.75
15.0,342.06666666666666
16.0,321.4375
15.0,309.2
15.0,325.6
17.0,321.29411764705884
17.0,320.6470588235294
17.0,302.05882352941177
18.0,306.72222222222223
17.0,298.1764705882353
17.0,356.05882352941177
17.0,320.4117647058824
16.0,327.5625
18.0,317.22222222222223
18.0,333.8333333333333
16.0,312.3125
16.0,328.9375
15.0,339.53333333333336
16.0,324.5625
16.0,304.3125
17.0,348.3529411764706
17.0,322.8235294117647
16.0,323.3125
16.0,319.6875
16.0,292.125
15.0,290.2
15.0,318.6
16.0,327.5
17.0,311.29411764705884
19.0,366.89473684210526
19.0,353.36842105263156
18.0,337.27777777777777
16.0,331.8125
18.0,346.5
19.0,350.10526315789474
19.0,330.2631578947368
19.0,343.57894736842104
18.0,311.6111111111111
19.0,326.8421052631579
19.0,318.6842105263158
19.0,312.4736842105263
19.0,308.3157894736842
19.0,303.4736842105263
19.0,342.36842105263156
19.0,327.2631578947368
19.0,342.94736842105266
18.0,328.22222222222223
17.0,330.70588235294116
17.0,318.2352941176471
16.0,319.3125
15.0,349.4
14.0,320.64285714285717
14.0,348.92857142857144
15.0,340.1333333333333
14.0,335.14285714285717
14.0,308.85714285714283
14.0,335.2857142857143
14.0,326.5
14.0,329.35714285714283
15.0,332.2
16.0,341.4375
16.0,334.8125
16.0,338.5
17.0,297.88235294117646
17.0,320.52941176470586
16.0,323.0625
15.0,347.4
14.0,329.85714285714283
20.0,332.45
20.0,303.15
20.0,323.35
20.0,327.05
20.0,313.25
19.0,320.63157894736844
18.0,328.27777777777777
20.0,351.65
21.0,343.6666666666667
19.0,292.57894736842104
19.0,335.7368421052632
18.0,346.6111111111111
18.0,328.5
17.0,328.05882352941177
17.0,335.7647058823529
17.0,322.3529411764706
17.0,332.2352941176471
17.0,325.0
17.0,315.52941176470586
14.0,350.5
15.0,339.8
14.0,311.0
14.0,343.92857142857144
14.0,305.42857142857144
14.0,317.57142857142856
14.0,358.35714285714283
14.0,328.85714285714283
14.0,301.7857142857143
15.0,340.2
15.0,357.26666666666665
15.0,338.8
16.0,311.8125
16.0,334.875
16.0,329.25
15.0,349.8666666666667
14.0,317.2857142857143
16.0,346.5
17.0,333.1764705882353
17.0,368.52941176470586
16.0,343.375
16.0,326.4375
15.0,338.4
15.0,352.3333333333333
17.0,311.94117647058823
16.0,312.8125
15.0,303.6666666666667
16.0,348.8125
16.0,343.375
15.0,336.1333333333333
16.0,347.375
18.0,350.3888888888889
18.0,365.55555555555554
19.0,329.57894736842104
19.0,300.57894736842104
20.0,323.15
21.0,349.57142857142856
20.0,321.0
21.0,361.6190476190476
18.0,330.8333333333333
20.0,332.4
20.0,315.55
20.0,339.05
20.0,337.35
19.0,315.0
18.0,314.1666666666667
19.0,338.0
18.0,341.77777777777777
18.0,333.8888888888889
18.0,330.3333333333333
17.0,304.7647058823529
17.0,324.11764705882354
15.0,351.6
15.0,313.0
14.0,328.7142857142857
14.0,325.85714285714283
13.0,349.0
13.0,310.6923076923077
15.0,321.6
15.0,360.6
15.0,355.6
16.0,365.625
15.0,328.6
16.0,334.9375
15.0,363.0
15.0,328.06666666666666
15.0,327.26666666666665
14.0,331.5
14.0,348.2857142857143
14.0,346.2142857142857
15.0,350.6
14.0,340.5
13.0,332.15384615384613
14.0,338.14285714285717
14.0,358.35714285714283
13.0,343.9230769230769
13.0,331.0
13.0,348.0769230769231
13.0,332.15384615384613
13.0,315.9230769230769
13.0,323.46153846153845
14.0,304.57142857142856
15.0,332.8
14.0,336.7857142857143
13.0,331.38461538461536
12.0,344.0833333333333
12.0,341.5833333333333
12.0,341.1666666666667
12.0,322.1666666666667
12.0,282.75
12.0,317.6666666666667
11.0,337.90909090909093
13.0,335.84615384615387
14.0,359.2142857142857
13.0,334.9230769230769
13.0,333.6923076923077
13.0,332.38461538461536
14.0,354.14285714285717
14.0,345.57142857142856
15.0,325.06666666666666
16.0,305.4375
16.0,320.0625
16.0,330.25
15.0,341.73333333333335
16.0,336.125
16.0,334.9375
17.0,333.88235294117646
18.0,341.1666666666667
18.0,338.44444444444446
18.0,366.3888888888889
18.0,314.3333333333333
19.0,300.4736842105263
19.0,319.2631578947368
20.0,314.15
20.0,295.6
20.0,350.5
20.0,330.65
20.0,321.05
19.0,322.5263157894737
16.0,348.875
17.0,311.52941176470586
16.0,356.0625
16.0,357.1875
15.0,326.3333333333333
15.0,375.6666666666667
15.0,324.53333333333336
15.0,326.2
15.0,298.53333333333336
16.0,335.3125
15.0,337.0
15.0,329.1333333333333
16.0,337.6875
16.0,334.9375
15.0,312.06666666666666
15.0,356.1333333333333
18.0,317.05555555555554
19.0,326.94736842105266
18.0,343.05555555555554
19.0,327.6842105263158
19.0,354.7368421052632
19.0,332.2105263157895
22.0,354.04545454545456
22.0,302.04545454545456
22.0,330.6363636363636
21.0,364.42857142857144
21.0,314.0952380952381
20.0,308.95
20.0,323.65
21.0,297.6190476190476
21.0,367.23809523809524
20.0,323.65
19.0,356.0
18.0,340.8333333333333
17.0,343.6470588235294
17.0,352.6470588235294
18.0,358.1111111111111
18.0,341.1111111111111
18.0,350.6666666666667
18.0,304.3333333333333
18.0,334.1666666666667
17.0,313.6470588235294
17.0,317.47058823529414
18.0,319.44444444444446
18.0,346.77777777777777
18.0,313.27777777777777
17.0,323.7647058823529
17.0,358.11764705882354
17.0,358.88235294117646
17.0,312.4117647058824
17.0,299.29411764705884
16.0,348.875
16.0,342.3125
16.0,341.9375
15.0,356.53333333333336
15.0,343.46666666666664
15.0,320.53333333333336
14.0,289.07142857142856
12.0,304.5833333333333
11.0,293.3636363636364
12.0,316.75
12.0,323.5
13.0,334.61538461538464
14.0,325.85714285714283
15.0,331.26666666666665
14.0,317.92857142857144
15.0,336.6
17.0,318.5882352941176
17.0,328.1764705882353
17.0,333.5882352941176
17.0,352.29411764705884
18.0,345.6111111111111
18.0,342.77777777777777
18.0,349.1111111111111
21.0,299.9047619047619
