0H 0L 1H 1L 2H 2L 3H 3L 4H 4L
1.304960 1.539037 1.400718 1.389038 1.632982 1.546137 1.425167 1.505309 1.237725 1.399689

0.992217 0.900878 0.756897 1.132532 0.747729 0.960345 0.836356 1.096142 0.965731 0.943481

1.115481 1.097030 1.083901 1.074841 1.100200 0.967445 1.023797 1.095255 1.138911 1.095255

0.931095 0.860938 0.914796 1.018924 1.060471 0.995847 0.913777 1.050876 0.896459 0.766856

0.941282 1.092592 1.141967 0.872476 1.140948 0.870701 1.154191 0.844074 0.998330 1.160047

0.898497 1.167147 0.916833 1.079278 0.624465 1.167147 0.939245 1.039338 0.849599 1.194662

1.053340 1.016261 1.062508 0.788157 1.276436 1.202650 1.016666 0.876914 1.073714 0.914191

0.891366 0.953244 1.135855 1.105018 0.949432 0.907978 1.150117 1.017149 0.850618 1.014486

1.002404 0.931055 0.811907 0.710939 1.102237 1.073953 0.857749 0.796145 1.095107 0.955019

1.221426 1.126319 1.001386 1.171585 0.782364 0.929280 0.957582 1.073065 1.153173 1.151171

1.066583 1.080166 0.806813 1.053539 1.148079 1.027800 0.845524 1.098805 1.064545 1.011824

0.929058 0.908866 1.074732 0.945256 1.003423 1.056202 1.039078 0.978096 0.892384 0.854725

1.000367 0.988747 0.719205 1.072178 0.979993 1.025137 0.743654 1.022474 1.095107 1.096142

1.038059 1.080166 1.210220 1.005611 0.991199 0.948806 1.161322 1.036675 0.944338 1.035788

1.026853 0.932830 0.759953 0.897328 1.181696 1.013599 0.862842 0.938156 1.099181 0.894665

0.875067 0.954132 1.205127 1.089929 0.860805 0.961232 1.118537 1.019812 0.774215 1.009161

0.903590 1.039338 0.931095 0.950582 1.011573 1.207975 0.961656 1.012711 0.990180 1.067740

0.834318 1.096142 0.992217 1.401464 0.715130 1.131645 0.971843 1.336672 0.853674 1.042001

1.126686 0.935493 0.992217 0.729578 1.181696 1.074841 1.006479 0.941706 1.119555 0.941706

1.414980 1.173360 1.001386 1.059752 1.028891 1.099692 0.978974 0.838748 1.396643 1.208863

0.645858 0.905316 1.126686 1.105018 1.023797 0.866263 1.128724 1.096142 0.552137 0.853837

1.062508 1.049101 1.127705 0.543189 1.035003 1.184899 1.129742 0.675437 1.199014 1.096142

1.066583 0.936381 0.805795 1.244365 1.133817 0.941706 0.855711 1.073953 1.022779 0.976321

0.794589 1.086379 1.002404 0.989634 1.011573 0.972771 0.946376 1.067740 0.763009 1.039338

1.167435 1.033125 1.022779 0.987859 0.872010 0.866263 1.064545 1.000285 1.247912 0.988747

0.904609 1.053539 0.817000 1.013599 0.917852 0.959457 0.807832 1.018924 0.814963 1.087266

1.098163 0.929280 1.183734 1.202650 1.056396 1.103243 1.135855 1.171585 1.186790 0.999398

0.908684 1.079278 1.133817 0.876914 0.812926 1.138745 1.167435 0.937268 0.869973 1.019812

0.995274 1.146733 0.885254 1.027800 0.985087 1.045551 0.917852 0.965670 0.959619 1.050876

0.932114 0.852062 1.167435 0.978096 0.715130 0.920404 1.088994 0.989634 0.985087 0.886677

1.071676 1.146733 0.429893 1.082829 1.272361 1.126319 0.513427 1.098805 1.067602 1.279868

1.017685 1.031350 1.351820 1.045551 1.077789 1.003835 1.279492 1.036675 1.003423 0.900878

1.058433 0.960345 1.107331 1.051764 0.887291 0.936381 1.175584 1.049101 1.017685 0.956795

0.833300 1.000285 0.780327 1.181348 0.892384 0.877801 0.775234 1.155609 0.861823 1.063302

1.079826 1.140520 1.258099 1.036675 1.150117 1.257679 1.186790 1.071290 1.077789 1.184899

0.968787 0.962120 0.997311 0.828985 1.158266 0.818334 1.067602 0.820110 0.965731 0.851174

0.931095 0.990522 0.990180 0.865375 0.878123 1.027800 0.945357 0.840524 0.935170 1.025137

1.046209 1.007386 1.021760 1.070403 0.903590 1.010936 1.024816 1.067740 1.049265 1.048214

0.940264 0.888452 1.094088 0.909754 1.041115 0.976321 1.099181 0.978096 0.935170 0.843186

1.036022 0.960345 0.972862 1.069515 1.009535 1.165372 0.993236 1.010048 1.041115 0.996735

1.164378 1.099692 1.094088 0.994072 1.185771 0.966558 1.086957 1.029575 1.157247 1.057089

1.060471 1.060640 1.062508 1.268330 1.005461 0.862713 1.068620 1.239928 0.977956 1.105018

0.835337 1.104130 0.794589 0.894665 0.961656 0.920404 0.830244 0.978984 0.897478 1.068628

0.963694 0.745554 1.196977 1.096142 0.992217 1.100580 1.121593 0.999398 1.040097 0.687862

0.937207 0.965670 0.697812 0.712714 1.026853 1.103243 0.793570 0.787270 0.870992 1.063302

1.071676 1.096142 1.320240 1.008273 0.942301 0.913304 1.214295 0.915967 1.122612 1.127207

0.833300 1.094367 0.865898 1.000285 0.960638 1.181348 0.974899 1.037563 0.765047 0.993185

1.191883 0.804133 0.920908 1.057977 0.808851 0.938156 0.869973 1.075728 1.231613 0.837861

0.939245 1.074841 0.787458 0.999398 1.083901 1.053539 0.774215 1.026025 0.893403 1.148508

0.971843 1.307382 1.209201 1.146733 0.769121 0.980759 1.182715 1.113006 0.973881 1.231939

1.105294 0.941706 1.009535 1.045551 1.165397 1.030462 1.075751 1.053539 1.136873 0.883127

0.696793 0.899103 1.166416 0.889340 0.920908 1.090817 1.125668 0.912416 0.643821 1.002948

1.003423 1.023362 0.837374 0.991410 1.125668 0.905316 0.864879 0.955907 1.094088 1.024249

1.213276 0.947919 1.022779 0.978096 1.082882 1.405902 0.990180 0.999398 1.133817 0.892002

0.916833 1.115669 1.158266 0.985197 0.825150 1.005611 1.148079 0.972771 0.915815 1.122769

1.159285 1.016261 1.081863 1.099692 1.263193 0.807684 1.129742 1.091704 1.215314 1.073953

0.709018 0.830760 0.857749 1.077503 0.714111 1.102355 0.857749 1.094367 0.635671 0.770406

1.031947 1.007386 1.065564 0.749992 0.988143 1.054427 1.011573 0.754430 1.174565 1.052651

1.011573 1.130757 1.093069 1.245253 1.013610 0.756205 1.108350 1.159159 0.954525 1.097030

1.104275 0.999398 0.905628 1.147621 1.110387 1.347323 0.915815 1.237265 1.105294 1.080166

0.943320 0.832535 0.928039 0.881352 0.960638 0.939043 0.916833 0.891115 0.873029 0.707389

0.963694 1.038450 0.958600 0.940818 1.147060 1.212413 0.954525 0.862713 1.048246 1.107680

1.035003 1.084604 0.823113 1.055314 0.792552 0.828098 0.849599 1.073953 0.996292 1.051764

1.226519 0.950582 1.073714 0.890227 0.729392 1.138745 1.043153 0.932830 1.254024 1.000285

0.673363 1.146733 1.162341 1.106793 1.040097 0.955019 1.177622 1.066853 0.536857 1.154721

1.077789 0.898215 0.988143 0.836973 1.107331 0.945256 0.991199 0.889340 1.238744 0.817447

0.978974 1.051764 1.113443 1.190224 1.043153 0.907978 1.117518 1.133420 0.892384 1.113893

1.015648 0.908866 0.833300 1.211526 0.841449 1.107680 0.834318 1.260342 1.085938 0.915967

0.979993 1.082829 0.942301 0.823660 1.066583 1.111231 0.930077 0.867150 0.876085 1.091704

1.088994 1.021587 1.022779 0.992297 0.998330 0.814784 1.011573 0.889340 1.155210 0.942593

1.029910 1.180461 0.955544 1.090817 1.027872 1.066853 0.981012 1.110343 0.993236 1.251466

0.884235 1.017149 0.953507 0.863600 1.086957 1.220401 0.920908 0.923067 0.894422 0.983421

0.903590 1.003835 1.061489 1.127207 0.959619 1.021587 1.072695 1.037563 0.919889 1.027800

1.071676 0.862713 1.202070 0.908866 1.050284 0.909754 1.191883 1.016261 1.096125 0.822772

0.909702 1.110343 0.912759 1.183123 1.292735 1.226614 0.964712 1.121881 0.893403 1.204425

1.058433 0.986972 1.054358 1.030462 0.581680 1.201762 1.004442 1.064190 1.073714 0.894665

0.987124 0.994960 0.952488 1.073065 1.100200 0.967445 0.945357 1.014486 0.969806 1.062415

0.868954 0.894665 0.983049 0.927505 1.049265 0.774844 0.970825 0.942593 0.865898 0.849399

1.021760 0.880464 1.165397 1.131645 0.910721 1.007386 1.197996 1.114781 1.107331 0.944369

1.090013 1.001173 0.995274 0.762418 1.160304 0.812121 0.984068 0.823660 1.040097 0.981646

1.118537 1.108568 0.993236 1.100580 0.889328 1.168035 0.981012 0.999398 1.126686 1.122769

0.996292 1.008273 1.078807 0.914191 1.125668 0.756205 1.067602 0.989634 0.973881 1.000285

1.116499 1.223951 0.796626 1.163597 0.836356 1.308270 0.824131 1.128094 1.114462 1.236377

1.116499 0.944369 0.992217 1.058864 1.078807 0.939043 0.959619 1.105905 1.137892 0.808571

0.846543 0.926617 0.835337 0.953244 0.967769 1.096142 0.851636 0.946144 0.811907 1.047326

0.944338 0.974546 1.016666 1.105905 1.128724 1.204425 1.023797 1.057089 0.990180 1.004723

1.140948 1.159159 0.913777 1.040226 0.880160 1.040226 0.935170 1.066853 1.158266 1.103243

1.090013 0.999398 1.219388 1.219514 0.934151 0.837861 1.206145 1.199987 0.998330 0.887564

1.002404 1.059752 1.075751 0.786382 1.111406 1.137858 1.092050 0.875139 1.046209 1.263892

0.939245 0.805021 0.874048 1.070403 1.082882 0.876026 0.892384 0.970108 0.910721 0.678987

0.860805 1.057089 1.035003 0.961232 0.869973 1.303832 0.992217 0.992297 0.900534 1.105905

1.115481 1.196437 0.989161 1.002060 1.108350 0.738454 1.028891 1.011824 1.122612 1.203537

0.992217 0.919517 1.002404 0.980759 0.774215 1.056202 0.974899 0.959457 0.997311 0.926617

1.068620 1.040226 1.117518 0.948806 1.170491 1.186674 1.117518 0.949694 1.050284 1.041113

1.031947 0.835198 0.956563 1.068628 1.148079 1.013599 0.968787 1.073065 1.067602 0.721590

1.048246 1.014486 0.812926 1.031350 0.993236 1.112118 0.813944 1.033125 0.989161 1.110343

0.726336 0.954132 0.944338 1.072178 0.719205 1.010048 0.906646 1.057977 0.717167 0.994072

1.072695 0.962120 1.031947 0.817447 1.130761 1.010936 1.055377 0.836086 1.093069 0.923955

1.109368 1.110343 1.011573 1.089929 1.080845 1.070403 1.023797 1.063302 1.095107 1.057089

1.181696 1.039338 1.058433 1.197324 1.070658 1.042001 1.054358 1.251466 1.145023 1.046439

0.868954 0.934605 0.979993 0.982534 0.855711 1.077503 0.976937 1.016261 0.922946 1.020699

1.008517 1.085491 0.907665 0.913304 1.022779 0.949694 0.904609 0.844961 0.982030 1.045551

1.200033 1.096142 0.948413 1.074841 0.845524 1.075728 0.959619 1.059752 1.214295 1.039338

1.090013 0.939931 0.879141 0.978984 1.247912 0.925730 0.877104 1.034013 1.022779 0.915967

0.825150 0.949694 0.937207 1.048214 0.808851 1.183123 0.933133 1.031350 0.852655 0.990522

1.024816 0.966558 1.284585 0.892002 0.937207 1.046439 1.261155 0.903541 1.081863 0.995847

0.936189 1.065965 1.065564 0.851174 1.130761 0.836973 1.132799 0.853837 0.880160 1.026912

1.028891 0.884014 1.022779 1.010048 1.075751 0.959457 0.986105 0.962120 1.077789 0.875139

1.041115 0.905316 0.898497 1.090817 1.043153 1.161822 0.928039 1.125432 1.014629 0.922179

0.956563 1.241703 0.992217 1.044663 0.885254 0.923067 0.949432 1.078391 0.986105 1.332234

1.077789 0.907978 1.213276 1.141408 1.018704 1.001173 1.233650 1.115669 1.081863 0.666561

0.922946 0.909754 0.640765 1.049989 1.362007 1.150284 0.691700 1.074841 0.874048 1.094367

0.965731 1.006498 0.983049 1.001173 0.754859 0.929280 0.897478 0.986084 1.035003 1.007386

1.121593 1.042888 1.120574 1.094367 1.277455 1.277205 1.127705 1.056202 1.123630 1.032237

1.172528 0.979871 1.212257 1.020699 0.817000 0.820110 1.262174 1.059752 1.099181 1.033125

0.851636 1.166260 0.909702 0.909754 1.095107 1.041113 0.900534 0.903541 0.869973 1.144958

1.007498 0.935493 1.050284 1.034013 0.853674 0.923067 1.005461 0.991410 1.013610 0.815672

0.854692 0.934605 0.951469 1.116556 1.128724 0.942593 0.981012 1.134307 0.908684 1.002060

1.082882 1.143183 1.076770 0.854725 1.247912 0.986084 1.093069 0.914191 1.066583 1.251466

1.058433 0.916854 1.104275 0.918629 0.859786 1.139633 1.093069 0.828985 1.023797 0.696738

0.897478 0.886677 0.924983 1.090817 0.887291 0.989634 0.924983 1.095255 0.820057 0.975433

0.992217 1.114781 0.852655 0.914191 1.054358 1.193774 0.834318 0.978984 1.161322 1.199987

1.137892 0.997622 0.981012 1.168035 1.007498 1.062415 0.959619 1.116556 1.059452 0.988747

1.002404 1.099692 0.855711 0.868926 0.931095 0.865375 0.896459 0.944369 1.017685 1.064190

1.067602 0.793483 1.119555 1.034900 0.884235 1.122769 1.075751 0.976321 1.024816 0.693188

0.790514 0.953244 1.078807 1.195549 1.233650 0.960345 1.102237 1.176910 0.811907 1.083716

0.986105 0.994072 1.127705 0.857387 0.837374 1.062415 1.128724 0.931055 0.994255 1.008273

1.076770 1.007386 0.840431 0.998510 1.282548 0.886677 0.869973 0.935493 1.093069 0.931943

0.922946 1.152059 0.990180 1.033125 0.944338 1.057089 0.944338 1.038450 0.865898 1.176023

1.087976 1.199987 0.989161 1.174248 1.065564 1.071290 0.978974 1.171585 1.150117 1.257679

0.877104 1.041113 0.800701 0.972771 1.083901 1.049989 0.858767 1.032237 0.847562 0.967445

1.045190 0.931055 1.055377 0.998510 0.834318 1.007386 1.015648 0.962120 1.068620 0.918629

1.005461 1.073065 0.938226 0.838748 1.145023 1.255904 0.960638 0.863600 0.986105 1.089929

0.955544 1.051764 1.059452 1.041113 0.883216 0.714489 1.054358 0.948806 0.913777 1.099692

0.998330 0.887564 1.122612 1.054427 1.031947 1.164485 1.126686 1.103243 1.071676 0.807684

1.133817 0.940818 0.932114 0.814784 0.852655 0.930168 0.939245 0.896440 1.084920 1.012711

0.876085 1.183123 1.084920 1.145846 0.910721 0.923955 1.018704 1.040226 0.874048 1.187561

0.907665 0.877801 0.878123 0.986972 1.102237 1.079278 0.928039 1.046439 0.913777 0.781057

1.065564 0.955907 1.099181 1.001173 1.103256 1.009161 1.084920 0.958570 1.113443 1.054427

0.843487 0.976321 1.077789 0.949694 1.226519 1.187561 1.077789 0.950582 0.735504 0.963007

0.954525 0.943481 0.911740 1.051764 0.813944 0.782832 0.929058 1.029575 1.108350 0.939931

1.005461 0.983421 1.019722 1.062415 0.854692 0.994960 0.981012 1.072178 0.944338 1.001173

1.160304 0.940818 0.856730 0.935493 1.022779 1.062415 0.862842 0.967445 1.183734 0.924842

0.877104 1.149396 1.045190 1.048214 0.965731 1.156497 1.028891 1.006498 0.795608 1.199987

1.103256 0.897328 1.129742 0.804133 1.124649 0.674549 1.164378 0.852949 1.230594 0.830760

0.821075 1.072178 1.015648 1.306495 0.570474 1.056202 1.010554 1.228389 0.698831 1.091704

0.939245 1.172473 0.951469 0.983421 1.219388 1.249691 0.968787 1.108568 1.045190 1.176910

1.062508 0.874251 1.305978 1.049101 1.214295 1.199987 1.271342 0.959457 1.029910 0.894665

0.982030 0.946144 0.619372 1.105905 0.733467 1.021587 0.671326 1.073065 0.938226 0.913304

0.985087 1.160047 1.159285 0.676324 1.121593 1.167147 1.094088 0.771294 1.031947 1.153834

1.038059 1.013599 0.921927 1.161822 0.780327 1.130757 1.000367 1.065965 1.000367 0.983421

0.913777 0.783719 0.810888 1.103243 1.299866 0.771294 0.778290 1.157384 0.939245 0.851174

1.081863 1.035788 1.200033 0.814784 0.995274 1.113893 1.158266 0.856500 1.074732 1.041113

0.971843 1.168035 0.836356 1.161822 0.978974 1.138745 0.913777 1.085491 0.987124 1.060640

0.948413 1.135195 1.003423 0.939043 0.860805 1.148508 0.949432 1.000285 0.887291 1.202650

1.096125 1.066853 0.955544 1.176023 0.894422 0.726028 0.966750 1.110343 1.197996 1.092592

1.001386 0.692300 0.986105 0.862713 0.793570 1.090817 0.998330 0.939043 0.932114 0.647035

0.784402 1.150284 1.167435 0.864488 1.027872 0.959457 1.165397 0.823660 0.773196 1.200875

1.129742 1.052651 1.016666 1.239040 1.108350 1.003835 1.038059 1.182236 1.135855 1.017149

0.944338 0.805909 0.971843 0.965670 0.911740 1.077503 0.949432 1.060640 0.920908 0.820997

0.971843 0.986972 1.013610 0.806796 0.949432 0.995847 0.979993 0.800583 0.961656 1.018036

1.043153 1.106793 1.139930 1.065965 1.062508 0.814784 1.153173 0.978096 1.094088 1.012711

1.070658 1.132532 1.010554 1.012711 0.948413 1.051764 1.037040 1.107680 1.052321 1.175135

1.235688 1.030462 0.884235 1.174248 1.129742 1.105018 0.882197 1.119219 1.275417 1.014486

0.729392 0.837861 0.927020 0.734016 0.962675 0.907978 0.891366 0.847624 0.619372 0.803246

1.009535 1.192887 0.867936 1.101468 0.907665 1.096142 0.890347 0.970108 1.125668 1.229277

1.061489 0.829873 1.224482 1.161822 1.041115 0.922179 1.211239 1.195549 1.017685 0.765968

1.099181 0.978096 0.969806 1.286968 1.076770 1.084604 1.018704 1.305607 1.076770 1.065965

0.929058 0.910641 1.058433 0.716265 1.059452 1.043776 1.027872 0.827210 0.930077 0.876026

1.101219 0.988747 0.894422 1.241703 1.130761 0.907978 0.913777 1.051764 1.121593 1.039338

0.799682 1.105905 0.791533 1.008273 1.151135 1.093479 0.780327 1.120994 0.783383 1.044663

1.076770 1.091704 1.300885 1.001173 0.934151 0.917742 1.269305 0.970996 1.100200 1.109456

1.106312 1.138745 0.997311 0.905316 1.137892 0.890227 1.095107 0.927505 1.114462 1.121881

0.744672 1.026025 1.032966 0.706501 1.079826 1.062415 0.972862 0.686975 0.635671 1.034013

0.996292 0.941706 0.915815 1.209750 1.092050 1.019812 0.918871 1.143183 1.132799 0.925730

1.142986 0.934605 0.995274 1.000285 0.901553 1.051764 0.975918 1.131645 1.083901 0.939931

1.045190 0.937268 1.026853 0.932830 0.973881 0.972771 1.015648 0.879576 1.030928 0.980759

1.035003 1.044663 0.990180 1.252353 0.838393 1.081054 1.017685 1.176023 1.049265 1.073065

0.767084 0.998510 1.072695 0.626621 0.960638 0.941706 1.067602 0.840524 0.755878 0.933718

0.993236 1.160047 0.909702 1.376613 1.339595 1.239928 0.905628 1.136083 1.020741 1.170698

1.120574 0.835198 0.803757 0.830760 0.885254 0.923955 0.804776 0.994960 1.136873 0.852949

0.953507 0.865375 1.006479 0.869813 0.944338 0.986972 0.990180 0.774844 0.874048 0.879576

0.913777 0.985197 1.178640 1.065077 1.185771 1.071290 1.201052 1.053539 0.982030 0.994072

1.083901 0.984309 1.207164 1.239040 0.577605 1.181348 1.211239 1.259454 1.091032 0.883127

0.868954 0.971883 0.640765 1.006498 1.149098 0.808571 0.674382 1.051764 0.804776 1.128982

0.981012 0.961232 1.115481 0.932830 1.048246 0.850287 1.035003 0.908866 1.069639 0.891115

1.065564 1.161822 0.806813 1.073953 0.894422 1.015374 0.861823 1.043776 1.036022 1.136083

0.776252 1.099692 0.928039 0.868038 1.379325 0.805021 0.901553 0.921292 0.758934 1.036675

1.051302 0.889340 1.211239 0.860050 0.991199 1.259454 1.180678 0.806796 1.105294 1.006498

1.147060 1.120106 1.076770 1.113893 0.606129 0.762418 1.115481 1.089929 1.138911 1.107680

0.972862 1.009161 0.641783 1.010936 1.121593 1.102355 0.690681 1.120106 0.900534 0.903541

1.118537 1.097030 1.140948 1.193774 1.217351 0.897328 1.058433 1.087266 1.185771 1.185786

0.831262 1.039338 0.920908 1.163597 0.965731 0.941706 0.964712 1.171585 0.761990 1.054427

1.006479 1.106793 1.126686 0.828098 0.778290 0.994960 1.083901 0.907091 1.120574 1.076616

1.102237 0.996735 0.962675 1.210638 0.932114 0.812121 1.019722 1.083716 0.968787 0.963895

1.072695 0.991410 0.940264 1.010048 1.129742 1.133420 0.903590 1.093479 1.150117 1.046439

0.834318 0.994072 0.948413 0.899990 0.936189 0.799696 0.952488 0.884014 0.725317 0.982534

0.955544 1.116556 1.215314 0.789045 0.996292 1.023362 1.210220 0.792595 1.063527 1.137858

0.903590 0.832535 0.872010 1.165372 0.944338 0.904428 0.909702 1.113893 0.844505 0.724253

1.146042 1.129870 0.821075 1.078391 1.319221 1.028687 0.791533 1.160047 1.205127 1.265667

0.916833 1.009161 1.014629 1.050876 0.489997 1.005611 0.976937 1.019812 0.797645 0.865375

1.202070 1.055314 0.921927 1.104130 1.175584 1.159159 0.948413 1.069515 1.340614 1.196437

1.330427 0.989634 1.187809 0.740229 1.146042 0.855612 1.164378 0.817447 1.258099 0.974546

0.826169 1.035788 0.743654 1.192887 1.147060 1.065965 0.788477 1.073065 0.838393 1.060640

0.835337 0.996735 1.019722 1.204425 0.798664 0.952357 0.955544 1.265667 0.846543 0.961232

1.069639 0.895553 1.171509 0.776619 1.192902 0.985197 1.189846 0.832535 1.149098 0.912416

1.028891 0.994072 0.976937 1.081941 0.804776 1.040226 1.009535 0.975433 0.967769 1.064190

0.793570 1.171585 1.083901 1.093479 1.111406 1.041113 1.042134 1.145846 0.757916 1.099692

0.997311 0.986972 1.020741 0.903541 0.894422 0.955907 1.031947 0.917742 1.083901 0.933718

1.157247 0.929280 0.936189 0.967445 1.158266 1.111231 0.958600 0.905316 1.140948 1.045551

0.757916 1.137858 1.022779 0.884014 0.847562 0.963007 1.007498 0.929280 0.712074 1.067740

1.020741 0.955019 0.883216 0.899103 1.112425 0.751767 0.904609 0.878689 1.065564 0.901766

1.090013 0.970108 1.047227 1.155609 0.821075 0.980759 1.048246 1.118331 1.083901 0.981646

0.992217 0.976321 0.893403 0.927505 0.915815 0.988747 0.900534 1.002060 0.919889 1.073065

1.120574 1.152059 0.930077 1.153834 1.076770 0.931055 0.935170 1.102355 1.193921 1.083716

1.108350 1.192887 1.050284 0.977208 1.083901 1.059752 1.009535 1.031350 1.072695 1.090817

0.716149 0.978984 0.930077 0.976321 1.053340 1.005611 0.954525 0.938156 0.684569 1.019812

1.004442 0.933718 1.166416 0.932830 1.108350 1.172473 1.139930 0.957682 1.062508 1.038450

1.062508 1.127207 0.999348 1.012711 0.872010 0.846737 1.043153 0.983421 1.056396 1.079278

1.222445 0.892890 0.895441 0.891115 0.887291 1.012711 0.881179 0.938156 1.184752 0.755317

0.805795 1.034013 0.957582 1.086379 1.178640 0.894665 0.932114 1.038450 0.805795 1.191999

1.063527 1.026025 0.799682 1.025137 0.857749 1.083716 0.825150 1.035788 1.092050 1.029575
1.044171 0.915967 1.179659 0.862713 1.149098 0.931055 1.162341 0.921292 1.015648 0.830760

1.047227 1.172473 0.634652 1.039338 0.977956 0.970108 0.689662 0.976321 1.012592 1.234602

0.889328 1.083716 1.243837 0.944369 0.967769 0.961232 1.158266 0.977208 0.939245 1.046439

0.710037 0.945256 0.760972 1.206200 0.846543 1.026912 0.841449 1.175135 0.736523 0.979871

1.110387 0.986972 1.202070 0.851174 1.344689 0.976321 1.136873 0.929280 1.160304 0.981646

1.169472 1.014486 1.079826 0.902653 0.832281 1.070403 1.115481 0.806796 1.090013 0.955907
1.153173 1.000285 1.015648 1.056202 1.128724 1.033125 1.005461 1.066853 1.167435 1.084604

0.817000 1.068628 0.844505 1.028687 1.100200 1.138745 0.864879 1.081054 0.779308 1.034013

1.059452 0.985197 1.073714 1.123657 1.020741 0.891115 1.049265 1.110343 1.120574 0.963895

0.824131 1.095255 0.842468 0.781057 0.903590 0.947919 0.870992 0.823660 0.779308 1.128982

1.026853 0.819222 0.905628 1.107680 0.837374 0.991410 0.870992 1.005611 1.073714 0.784607

1.084920 1.097030 1.097144 0.805021 0.889328 1.028687 1.084920 0.898215 1.050284 1.186674

1.051302 1.141408 0.755878 1.242590 1.030928 0.804133 0.814963 1.151171 1.032966 1.082829

1.021760 0.826323 0.860805 1.133420 1.048246 1.020699 0.819038 1.184011 1.062508 0.800583

0.986105 1.002948 0.985087 0.728690 0.986105 0.864488 0.969806 0.800583 0.988143 1.044663

0.848580 1.042001 1.364044 1.258566 1.084920 0.852062 1.365063 1.136970 0.836356 1.032237

1.109368 1.076616 0.884235 0.900878 0.997311 0.981646 0.934151 0.979871 1.099181 1.101468

1.015648 0.749992 1.006479 1.060640 0.860805 1.055314 0.988143 1.013599 1.030928 0.683425

0.920908 1.094367 0.828206 0.983421 1.112425 0.996735 0.792552 0.963895 0.911740 1.178686

1.007498 1.202650 1.150117 1.072178 1.017685 0.952357 1.151135 1.120994 1.028891 1.128982

1.030928 0.870701 1.138911 1.179573 1.150117 0.899990 1.174565 1.171585 0.971843 0.885789

1.193921 0.921292 1.122612 0.981646 0.974899 1.282531 1.119555 0.990522 1.260137 0.941706

0.825150 0.899990 1.131780 1.015374 0.863861 0.868926 1.122612 0.996735 0.689662 0.864488

1.158266 1.066853 0.519539 0.876026 0.779308 0.920404 0.565381 0.902653 1.251987 1.084604

0.984068 1.030462 1.225501 1.120106 1.042134 1.077503 1.148079 1.085491 0.923964 1.078391

1.091032 1.230164 0.568437 0.748217 0.983049 0.899990 0.626503 0.799696 1.200033 1.198212

0.940264 0.765968 1.117518 0.872476 1.010554 0.953244 1.069639 0.817447 0.850618 0.615082

0.817000 1.115669 1.094088 1.203537 1.297829 0.907091 1.106312 1.163597 0.872010 1.315371

1.053340 0.832535 1.080845 1.111231 0.740598 1.120106 1.103256 1.196437 1.085938 0.801471

1.156229 0.938156 1.188827 0.844961 1.117518 1.008273 1.164378 0.852062 1.114462 0.936381

0.778290 1.128982 0.783383 0.889340 1.054358 0.904428 0.835337 0.821885 0.778290 1.102355

0.914796 1.199987 1.153173 1.035788 0.985087 1.176023 1.074732 1.051764 0.946376 1.199987

1.142986 1.021587 1.196977 1.062415 0.967769 0.911529 1.244856 1.087266 1.152154 1.017149

0.999348 0.991410 0.933133 1.115669 1.052321 1.130757 0.944338 1.083716 0.932114 1.006498

0.918871 0.923955 1.055377 0.935493 0.877104 0.873363 1.025835 1.001173 0.979993 0.876026

0.917852 0.978984 1.242819 1.297619 0.861823 1.017149 1.241800 1.201762 0.844505 1.021587

1.111406 0.986972 0.564362 0.678099 1.158266 0.899990 0.646877 0.831648 1.152154 0.992297

0.952488 0.950582 1.116499 0.993185 0.967769 1.131645 1.027872 0.858275 0.917852 0.946144

1.033984 1.098805 1.197996 0.823660 0.949432 0.895553 1.187809 0.869813 1.084920 1.108568

1.117518 1.255904 0.961656 1.183123 1.114462 0.845849 1.018704 1.148508 1.073714 1.219514

0.977956 0.999398 0.756897 0.908866 0.868954 0.949694 0.780327 0.981646 1.033984 0.932830

0.936189 0.906203 1.054358 0.988747 0.994255 1.138745 0.983049 0.915967 0.846543 0.967445

0.903590 0.743779 0.907665 0.945256 1.213276 0.976321 0.958600 0.952357 0.965731 0.787270

1.003423 1.148508 0.951469 1.113006 0.958600 0.929280 0.931095 1.109456 0.974899 1.194662

1.211239 1.102355 0.961656 1.231052 1.023797 0.939931 0.947394 1.247916 1.262174 0.986972

0.831262 1.093479 1.063527 1.078391 0.930077 0.931055 1.056396 1.120994 0.744672 1.168922

0.886272 0.861825 1.107331 1.041113 0.796626 0.868926 1.116499 0.965670 1.004442 0.847624

1.104275 1.074841 0.964712 0.672774 0.995274 1.152946 0.973881 0.741116 1.080845 1.102355

1.160304 1.013599 1.243837 1.173360 1.160304 0.753542 1.220407 1.081941 1.105294 0.917742

0.970825 1.072178 0.782364 0.719815 0.908684 1.044663 0.824131 0.855612 0.987124 1.199100

0.930077 0.849399 1.201052 1.089042 0.865898 1.078391 1.135855 0.940818 0.933133 0.828985

0.821075 1.071290 0.937207 0.910641 1.162341 1.017149 0.993236 0.953244 0.841449 1.036675

1.013610 1.045551 1.074732 1.052651 1.209201 0.967445 1.048246 1.073065 1.015648 1.000285

1.110387 0.884014 0.951469 1.028687 0.883216 0.997622 0.966750 1.003835 1.131780 0.950582

1.065564 0.955907 1.200033 1.079278 1.017685 0.681650 1.153173 1.096142 0.992217 0.948806

0.997311 1.023362 0.784402 1.042888 0.986105 1.154721 0.889328 1.041113 1.051302 0.959457

1.061489 1.111231 1.069639 0.923955 0.923964 1.123657 0.988143 0.963007 1.047227 1.140520

0.999348 1.021587 1.058433 1.192887 1.023797 1.074841 1.075751 1.111231 1.046209 1.075728

0.864879 0.870701 0.961656 0.825435 0.842468 1.027800 0.969806 0.886677 0.787458 0.834311

1.099181 0.928392 1.081863 0.877801 1.248931 1.067740 1.076770 0.837861 1.189846 0.899103

0.941282 1.052651 0.764028 1.124544 0.887291 0.876914 0.792552 1.098805 0.814963 1.043776

1.120574 1.001173 0.988143 1.160934 1.317184 1.000285 0.946376 1.247916 1.247912 1.057089

0.735504 0.988747 1.123630 1.004723 0.943320 0.827210 1.123630 0.997622 0.629559 1.010936

1.073714 0.910641 0.726336 0.919517 0.953507 1.303832 0.765047 0.892002 1.153173 0.833423

0.943320 1.066853 1.227538 0.980759 1.009535 0.946144 1.173547 0.973658 0.893403 1.089929

0.942301 1.022474 0.972862 1.078391 1.053340 1.216851 1.025835 1.066853 0.966750 1.040226

1.068620 1.074841 1.099181 0.846737 0.771159 0.848512 1.067602 0.899103 1.069639 1.060640

1.021760 1.153834 0.800701 1.089929 0.951469 1.073953 0.837374 1.021587 1.000367 1.126319

0.941282 1.046439 1.032966 0.890227 0.940264 1.130757 0.986105 0.944369 0.949432 1.022474

1.236706 0.936381 1.149098 1.115669 1.453690 0.851174 1.157247 1.073065 1.261155 0.950582

1.127705 0.799696 0.931095 0.744667 0.753841 1.190224 0.988143 0.805021 1.023797 0.833423

1.044171 1.087266 1.141967 1.089042 1.012592 0.940818 1.088994 1.018036 1.110387 1.121881

0.754859 1.012711 1.181696 1.067740 0.836356 0.934605 1.201052 1.160047 0.754859 0.923955

1.136873 1.002060 0.985087 0.939043 1.063527 0.744667 0.992217 0.932830 1.176603 1.065965

0.954525 0.860050 0.903590 0.987859 0.851636 0.859162 0.904609 0.919517 0.858767 0.851174

0.986105 1.001173 1.105294 0.970108 1.183734 1.136083 1.060471 0.994072 1.061489 1.071290

1.142986 0.967445 1.012592 0.989634 0.795608 1.037563 1.047227 0.994960 1.160304 0.880464

0.900534 0.982534 0.600017 0.890227 1.112425 0.788157 0.613260 0.899990 0.835337 1.018924

0.995274 1.209750 1.118537 0.884902 1.103256 1.001173 1.069639 0.842299 1.067602 1.191999

1.015648 1.024249 1.079826 0.829873 1.064545 1.069515 1.095107 0.827210 0.993236 1.057089

1.057415 0.885789 0.985087 1.093479 1.030928 1.003835 0.989161 1.087266 1.058433 0.823660

0.796626 1.029575 0.811907 0.965670 1.078807 0.946144 0.814963 1.026912 0.732448 1.067740

1.177622 0.953244 1.212257 1.164485 1.115481 1.013599 1.199014 1.125432 1.287642 0.901766

1.085938 0.771294 0.974899 1.145846 0.770140 1.053539 1.004442 1.181348 0.961656 0.830760

1.046209 0.838748 0.965731 0.882239 0.999348 1.124544 0.955544 0.884014 1.153173 0.861825

0.643821 1.287856 1.096125 1.068628 0.846543 0.793483 1.061489 1.007386 0.518520 1.249691

1.007498 1.261229 1.098163 0.887564 1.090013 1.008273 1.129742 0.976321 1.155210 1.243478

1.220407 0.787270 0.985087 1.137858 1.099181 1.009161 0.997311 1.047326 1.120574 0.775731

1.254024 1.011824 0.978974 0.870701 1.041115 0.941706 0.969806 0.931943 1.314128 1.089042

0.781346 1.115669 0.996292 0.950582 1.043153 0.985197 0.993236 0.898215 0.665214 1.047326

1.005461 1.003835 0.973881 0.894665 0.866917 1.037563 0.976937 0.943481 1.127705 1.044663

1.042134 0.973658 1.056396 1.034900 1.115481 0.942593 1.056396 0.995847 0.987124 0.997622

1.278473 1.081054 0.814963 1.055314 0.988143 0.846737 0.847562 1.055314 1.319221 1.031350

1.000367 1.058864 0.965731 0.863600 0.794589 1.208863 0.924983 0.906203 0.922946 0.993185

0.746710 1.015374 1.056396 1.042888 1.212257 0.836086 1.044171 0.975433 0.796626 1.117444

1.152154 0.824547 1.274398 1.284306 0.907665 1.103243 1.273380 1.295844 1.202070 0.765968

0.736523 0.862713 0.906646 0.846737 0.873029 0.913304 0.958600 0.955019 0.639746 0.931943

1.174565 1.053539 1.098163 0.916854 1.155210 1.030462 1.041115 0.838748 1.290698 1.007386

0.970825 1.081054 0.724298 0.906203 0.942301 0.818334 0.753841 0.883127 0.886272 1.107680

1.046209 0.837861 1.053340 1.007386 1.075751 1.036675 1.029910 1.026912 1.099181 0.783719

1.073714 1.059752 1.086957 0.893777 0.864879 0.988747 1.104275 0.905316 1.032966 1.168035

0.885254 0.947031 1.132799 1.228389 1.117518 1.081941 1.131780 1.187561 0.920908 0.820997

0.886272 1.041113 0.975918 0.949694 0.695775 1.047326 0.986105 1.057977 0.859786 1.097917

1.032966 0.890227 0.845524 1.343773 1.253006 0.940818 0.839412 1.227502 1.069639 0.855612

1.077789 1.088154 0.904609 0.594668 0.897478 1.159159 0.890347 0.771294 1.052321 1.203537

1.152154 1.007386 1.050284 1.081054 1.235688 0.856500 1.046209 0.881352 1.171509 0.924842

0.712074 0.939043 0.923964 0.949694 0.861823 1.016261 0.934151 0.994072 0.583717 0.942593

1.107331 1.170698 1.048246 1.173360 1.151135 1.068628 1.035003 1.173360 1.296810 1.159159

1.145023 1.073065 0.983049 1.044663 1.051302 0.894665 0.987124 1.087266 1.030928 1.061527

0.887291 0.822772 1.291716 1.048214 1.056396 0.993185 1.286623 1.012711 0.938226 0.862713

0.876085 1.031350 0.849599 1.049101 1.000367 0.880464 0.900534 1.051764 0.857749 1.041113

0.918871 1.006498 0.899515 0.956795 1.119555 1.016261 0.831262 0.981646 0.953507 0.944369

1.103256 1.105905 0.993236 1.022474 0.860805 0.839636 1.016666 1.015374 1.070658 1.213301

1.016666 0.749104 1.151135 0.831648 1.258099 1.106793 1.166416 0.846737 1.010554 0.675437

0.818019 0.985197 0.700868 1.061527 0.738560 0.903541 0.753841 1.009161 0.800701 1.014486

1.175584 1.172473 1.226519 0.883127 0.965731 1.160934 1.149098 0.945256 1.225501 1.117444

0.948413 1.093479 0.965731 1.173360 1.075751 0.836973 1.010554 1.092592 0.911740 1.186674

1.197996 0.994960 1.154191 1.081054 0.976937 1.026025 1.116499 1.126319 1.238744 0.888452

1.083901 0.845849 0.895441 0.690525 0.801720 1.062415 0.938226 0.751767 0.996292 0.838748

0.982030 1.025137 1.117518 0.999398 1.175584 0.964783 1.083901 0.909754 1.022779 1.097917

0.830244 0.965670 1.001386 1.105905 1.057415 1.071290 1.022779 1.121881 0.896459 0.977208

1.116499 1.150284 0.898497 1.017149 0.967769 0.736679 0.897478 1.052651 1.100200 1.146733

0.930077 0.922179 0.986105 1.018036 0.913777 1.193774 0.969806 0.983421 0.904609 0.804133

0.910721 1.203537 1.027872 1.007386 1.142986 0.998510 1.035003 1.020699 0.862842 1.340222

0.981012 0.644372 1.133817 0.776619 1.184752 1.026025 1.127705 0.819222 1.069639 0.530764

1.209201 0.939931 0.761990 1.191112 0.882197 0.919517 0.787458 1.109456 1.156229 1.067740

0.940264 1.006498 1.182715 0.723365 1.001386 0.920404 1.144004 0.835198 0.950451 0.912416

0.912759 1.166260 0.753841 1.149396 0.760972 0.968333 0.788477 1.046439 0.885254 1.164485

1.038059 0.822772 1.090013 1.067740 1.226519 0.864488 1.056396 1.127207 1.045190 0.801471

1.057415 1.058864 0.746710 1.042001 0.719205 0.903541 0.779308 1.043776 1.047227 1.188449

1.049265 0.855612 1.270324 0.885789 0.982030 0.933718 1.216332 0.904428 1.072695 0.663898

0.932114 1.173360 1.105294 1.125432 1.220407 1.285193 1.179659 1.053539 0.902572 1.342885

0.944338 1.130757 1.093069 1.268330 0.685588 1.037563 1.070658 1.297619 0.971843 0.990522

1.094088 0.784607 0.860805 0.827210 1.227538 0.918629 0.849599 0.909754 1.088994 0.830760

1.008517 0.972771 1.027872 0.892890 1.020741 0.850287 1.009535 0.820110 0.986105 1.032237

0.908684 1.065077 1.017685 1.047326 1.086957 0.944369 1.041115 0.990522 0.937207 1.014486

1.132799 1.028687 1.255043 0.756205 1.052321 0.970108 1.246893 0.927505 1.145023 1.006498

0.926002 1.004723 0.884235 1.033125 1.087976 1.032237 0.906646 0.877801 0.837374 1.055314

0.988143 0.915967 1.088994 0.975433 1.033984 1.139633 1.068620 1.011824 1.105294 0.884902

1.075751 0.890227 1.030928 0.929280 0.878123 0.860938 1.052321 0.947919 1.028891 0.922179

1.166416 1.025137 0.788477 0.926617 0.913777 1.179573 0.810888 0.914191 1.188827 1.033125

0.837374 1.069515 1.165397 0.971883 1.092050 0.887564 1.098163 0.949694 0.776252 1.020699

0.979993 0.833423 1.086957 1.038450 0.911740 0.916854 1.144004 1.044663 1.065564 0.881352

0.969806 0.980759 0.863861 1.226614 1.085938 1.123657 0.843487 1.191112 0.945357 1.035788

1.028891 1.141408 0.927020 0.785495 1.119555 0.963007 0.921927 0.923067 1.001386 1.066853

0.889328 0.944369 0.869973 1.231939 0.859786 0.768631 0.854692 1.057977 0.880160 0.857387

1.083901 0.928392 1.175584 0.855612 1.062508 1.058864 1.157247 1.007386 1.106312 1.092592

0.900534 0.875139 1.319221 0.994072 0.875067 1.010048 1.344689 0.895553 0.924983 0.822772

1.096125 0.971883 0.958600 0.959457 1.316165 1.061527 0.997311 0.970108 1.081863 0.978096

0.905628 1.079278 1.008517 0.961232 0.922946 1.115669 0.974899 0.994960 0.844505 1.084604

1.008517 0.887564 1.097144 1.040226 0.873029 0.939931 1.081863 1.012711 1.048246 0.873363

1.081863 0.962120 1.009535 0.999398 0.971843 0.834311 1.028891 1.004723 1.161322 0.960345

1.032966 0.885789 0.907665 1.071290 0.975918 0.978984 0.906646 1.080166 0.905628 0.852062

0.961656 1.160047 1.182715 0.853837 1.046209 0.960345 1.144004 0.893777 1.009535 1.144071

0.919889 0.881352 0.941282 0.923955 0.943320 1.000285 1.015648 0.861825 0.885254 0.918629

1.024816 1.123657 1.194940 1.124544 1.077789 0.860938 1.147060 1.116556 1.093069 1.186674

1.232632 0.927505 0.962675 1.082829 0.941282 1.186674 0.978974 1.144071 1.164378 0.783719

0.829225 1.160934 0.996292 0.896440 1.164378 0.820997 0.982030 0.883127 0.836356 1.238152

0.931095 0.895553 1.007498 1.068628 0.637709 0.855612 1.011573 1.029575 0.956563 0.888452

1.060471 0.915079 1.007498 1.045551 1.105294 1.106793 1.004442 1.046439 1.081863 0.950582

0.930077 1.002948 0.940264 0.967445 1.174565 0.907978 0.928039 1.029575 0.891366 0.972771

1.126686 1.060640 1.027872 0.939043 1.090013 1.070403 1.036022 0.917742 1.191883 1.073953

0.970825 0.943481 1.139930 0.894665 1.003423 0.964783 1.112425 0.877801 0.880160 0.940818

0.959619 0.811234 0.860805 1.088154 1.185771 1.028687 0.917852 1.032237 1.040097 0.786382

1.022779 1.047326 1.120574 0.918629 0.811907 1.002948 1.045190 1.025137 0.995274 1.107680

1.041115 1.030462 0.887291 0.898215 0.961656 0.952357 0.921927 0.786382 1.035003 1.016261

1.005461 1.001173 0.913777 1.148508 1.055377 1.002060 0.873029 1.143183 1.043153 0.992297

1.130761 1.106793 0.846543 1.016261 1.102237 1.026025 0.878123 1.084604 1.165397 1.127207

0.979993 0.889340 1.285604 0.996735 0.939245 1.026025 1.280511 1.147621 0.921927 0.849399

0.876085 1.044663 0.883216 0.847624 1.123630 1.121881 0.948413 0.114496 0.880160 1.083716

0.918871 0.910641 1.018704 0.900878 0.809869 1.089929 0.953507 1.274543 0.946376 0.887564

1.174565 1.093479 0.832281 1.033125 1.047227 0.636384 0.854692 1.160047 1.149098 1.102355

0.849599 0.855612 0.924983 1.096142 0.938226 1.000285 0.912759 1.157384 0.792552 0.866263

1.199014 0.967445 1.060471 1.082829 1.156229 1.057977 1.049265 1.072178 1.301903 0.979871

0.953507 1.055314 0.956563 0.857387 0.981012 0.941706 0.973881 0.863600 0.869973 1.042888

1.161322 0.986084 0.979993 1.193774 1.068620 1.073065 0.972862 1.139633 1.193921 0.905316

0.950451 1.063302 0.928039 1.073953 0.619372 1.049101 0.964712 1.156497 0.922946 1.204425

0.973881 0.947031 1.299866 0.882239 1.182715 0.994960 1.263193 0.875139 0.969806 0.852062

0.958600 1.031350 1.005461 0.998510 1.230594 1.186674 1.058433 0.939043 0.969806 1.019812

1.060471 0.979871 0.881179 1.081054 0.814963 0.852949 0.848580 1.111231 1.057415 0.970108

1.014629 0.867150 0.820057 0.960345 1.181696 0.816559 0.805795 1.008273 1.047227 0.960345

0.913777 1.100580 0.922946 0.895553 0.723280 0.929280 0.913777 0.851174 0.877104 1.071290

1.033984 0.997622 1.167435 1.134307 1.036022 1.084604 1.146042 1.119219 1.072695 0.876026

0.968787 1.081054 0.716149 0.874251 1.015648 0.926617 0.780327 0.975433 0.929058 1.207088

1.153173 1.034900 1.209201 1.169810 0.894422 0.902653 1.159285 1.049101 1.183734 1.022474

0.711055 0.945256 1.132799 0.883127 0.964712 0.887564 1.167435 0.948806 0.680494 0.877801

1.056396 1.034013 1.130761 0.995847 1.187809 1.001173 1.133817 0.961232 1.096125 1.048214

0.963694 1.163597 0.993236 1.203537 0.681513 1.118331 0.985087 1.184899 0.959619 1.196437

1.049265 0.832535 0.848580 0.899103 1.047227 0.999398 0.865898 0.994960 1.036022 0.826323

0.902572 0.877801 1.038059 0.984309 1.135855 0.734903 1.017685 0.900878 0.914796 0.903541

1.105294 0.903541 0.813944 0.647922 0.896459 1.139633 0.841449 0.706501 1.113443 0.905316

0.895441 1.059752 1.085938 1.061527 1.016666 0.962120 1.035003 0.986084 0.857749 1.013599

1.192902 1.011824 0.774215 0.898215 1.081863 1.017149 0.823113 0.989634 1.211239 0.977208

1.070658 1.129870 0.994255 0.929280 0.867936 0.686975 0.950451 0.860938 1.044171 1.220401

1.044171 1.071290 1.038059 0.922179 1.176603 1.207975 1.052321 0.934605 1.075751 0.966558

1.092050 1.085491 0.956563 0.960345 0.891366 0.938156 0.981012 0.964783 1.109368 1.144071

0.918871 1.093479 0.941282 1.073953 1.082882 1.065965 0.948413 1.048214 0.845524 1.021587

1.183734 0.734016 1.072695 1.146733 0.954525 0.979871 1.038059 1.180461 1.256062 0.812121

0.771159 1.018036 0.912759 0.895553 1.081863 0.868926 0.946376 0.992297 0.620391 1.098805

0.967769 1.028687 1.332465 1.088154 1.120574 0.961232 1.299866 0.939043 1.123630 0.932830

1.150117 1.054427 0.865898 0.869813 0.848580 0.934605 0.953507 0.966558 1.095107 1.000285

0.950451 1.059752 1.014629 1.052651 1.031947 1.047326 0.931095 0.970996 0.938226 1.154721

1.168453 0.981646 0.821075 0.912416 0.826169 0.943481 0.831262 0.955019 1.245875 0.964783

0.685588 1.089929 1.270324 1.118331 0.995274 0.949694 1.238744 1.105905 0.570474 1.101468

1.035003 0.980759 1.002404 1.089929 1.194940 1.026912 1.066583 1.125432 1.137892 0.873363

1.227538 0.828985 1.104275 1.057977 1.184752 1.141408 1.067602 1.034013 1.214295 0.922179

1.013610 1.036675 0.906646 0.850287 0.728373 0.918629 0.914796 0.852062 0.970825 1.103243

1.025835 1.001173 0.905628 1.004723 1.235688 0.954132 0.897478 0.947919 1.055377 0.883127

0.926002 1.048214 0.821075 1.106793 0.856730 0.882239 0.831262 1.158272 0.874048 1.047326

0.935170 0.923067 1.171509 0.977208 1.071676 1.042001 1.127705 1.006498 1.005461 0.985197

0.888310 0.986084 0.917852 0.981646 0.856730 0.997622 0.979993 0.940818 0.856730 1.017149

1.172528 0.997622 0.878123 0.963895 1.021760 0.930168 0.860805 0.950582 1.196977 0.915967

0.963694 1.092592 1.202070 0.914191 0.881179 1.017149 1.171509 0.967445 0.938226 1.101468

1.048246 0.840524 1.173547 1.084604 1.092050 1.045551 1.214295 1.026912 1.095107 0.881352

0.912759 1.028687 0.897478 1.137858 0.943320 1.007386 0.896459 1.152059 0.882197 1.079278

0.944338 1.004723 0.823113 0.971883 0.949432 0.937268 0.808851 1.002948 0.932114 0.878689

1.031947 1.091704 1.222445 0.844074 1.015648 0.932830 1.191883 0.829873 1.061489 1.099692

0.982030 0.946144 0.914796 1.073065 1.041115 0.955907 0.971843 1.042888 0.906646 1.043776

1.055377 0.904428 1.150117 1.140520 1.072695 0.985197 1.109368 1.149396 1.145023 0.880464
1.150117 1.004723 1.155210 0.634609 0.899515 0.811234 1.173547 0.749104 1.083901 0.954132

1.156229 1.013599 0.923964 1.097030 1.169472 1.130757 0.957582 0.934605 1.174565 0.986972

1.017685 0.891115 0.725317 1.152059 0.794589 0.958570 0.702906 1.201762 0.990180 0.946144

0.983049 0.900878 1.154191 0.828098 1.329408 1.085491 1.077789 0.904428 1.022779 0.912416

0.822094 0.922179 1.037040 0.833423 0.743654 0.889340 1.100200 0.734903 0.765047 0.952357

1.033984 1.150284 1.014629 1.049101 1.344689 1.026025 1.000367 1.054427 1.123630 1.076616

1.268286 1.055314 0.995274 1.092592 0.930077 1.239928 0.976937 1.141408 1.253006 1.069515

1.046209 0.937268 0.903590 0.781944 1.028891 0.793483 0.933133 0.827210 1.009535 0.915967

0.880160 0.995847 0.684569 1.124544 0.805795 1.072178 0.677438 0.981646 0.882197 1.061527

0.905628 0.872476 1.059452 0.942593 1.020741 1.063302 1.027872 1.047326 0.962675 0.854725

1.102237 1.005611 1.293754 1.154721 1.030928 0.890227 1.302922 1.061527 1.094088 1.053539

0.959619 1.014486 1.025835 0.998510 1.001386 0.901766 1.051302 1.055314 0.940264 0.933718

0.950451 0.906203 1.149098 0.769518 0.827187 1.067740 1.119555 0.789045 0.929058 0.963007

1.118537 0.961232 0.710037 1.195549 1.013610 1.048214 0.739579 1.097030 1.194940 1.000285

1.069639 0.920404 0.818019 0.882239 1.033984 0.876914 0.806813 1.018924 0.973881 0.878689

0.860805 1.082829 1.086957 1.010936 1.099181 0.963007 1.022779 0.952357 0.924983 1.042001

1.251987 1.027800 1.036022 0.930168 0.680494 0.994072 1.109368 0.915967 1.255043 1.049989

0.838393 0.936381 1.093069 0.949694 1.253006 0.892002 1.090013 0.955907 0.745691 0.944369

1.022779 1.083716 0.851636 0.995847 0.984068 1.042001 0.852655 0.997622 1.100200 1.071290

1.031947 0.993185 1.080845 1.004723 1.165397 1.132532 1.044171 1.004723 1.016666 0.899990

1.188827 0.843186 0.889328 0.970108 0.902572 0.732241 0.945357 0.959457 1.193921 0.987859

1.114462 0.999398 0.936189 1.026912 0.937207 1.093479 0.896459 1.021587 1.091032 1.002948

1.079826 0.956795 1.065564 0.970996 0.929058 1.141408 1.059452 0.987859 1.062508 0.872476

0.850618 1.088154 0.954525 0.766856 1.052321 0.669224 0.984068 0.811234 0.891366 1.093479

1.004442 0.939931 1.096125 1.042888 1.030928 1.256791 1.104275 0.955907 0.985087 0.980759

1.127705 1.020699 0.987124 1.040226 0.907665 0.743779 0.977956 1.068628 1.136873 1.054427

0.691700 1.016261 0.805795 0.893777 0.959619 0.910641 0.815982 0.922179 0.674382 0.909754

0.838393 1.071290 1.067602 0.913304 0.834318 1.078391 1.038059 0.901766 0.878123 1.072178

1.024816 1.037563 1.025835 1.049101 1.276436 1.082829 1.054358 1.040226 1.077789 1.140520

1.164378 0.908866 0.913777 1.113893 0.967769 0.855612 0.922946 1.133420 1.095107 0.797033

0.992217 0.939043 1.206145 0.932830 1.051302 0.950582 1.169472 0.948806 0.998330 0.994072

1.051302 1.115669 1.111406 0.944369 0.875067 0.957682 1.137892 0.931055 1.035003 1.106793

1.147060 1.010048 1.014629 0.941706 1.145023 1.358861 1.035003 0.924842 1.192902 1.032237

1.042134 0.959457 0.923964 0.980759 0.899515 0.763305 0.909702 0.985197 0.975918 0.942593

0.881179 1.046439 0.884235 0.978096 0.805795 0.848512 0.852655 0.957682 0.941282 1.038450
0.932114 1.020699 1.031947 0.904428 1.159285 1.105018 1.038059 0.932830 0.873029 0.981646

1.109368 0.850287 1.101219 0.768631 0.866917 1.157384 1.108350 0.792595 1.199014 0.847624

0.991199 1.111231 0.942301 1.186674 1.026853 0.991410 0.971843 1.128094 0.873029 1.205313
0.986105 0.909754 1.281529 0.967445 1.296810 0.781944 1.242819 1.041113 1.063527 0.804133

1.180678 1.113006 0.812926 1.127207 0.686606 0.844074 0.887291 1.091704 1.165397 1.198212

0.913777 1.014486 1.207164 0.840524 1.268286 1.044663 1.136873 0.874251 0.854692 0.952357

1.067602 1.031350 1.218370 1.064190 1.040097 0.773956 1.237725 1.002060 1.126686 1.050876

0.957582 1.102355 0.759953 0.905316 0.703924 1.094367 0.805795 0.949694 0.949432 1.135195

1.018704 0.981646 0.880160 1.083716 0.907665 0.960345 0.821075 1.055314 0.933133 0.913304

1.013610 0.976321 0.605110 1.111231 1.188827 1.113893 0.626503 1.136970 1.103256 1.002060

1.197996 1.010936 1.153173 0.761530 1.129742 1.103243 1.100200 0.846737 1.163360 1.073065

1.203089 1.050876 1.226519 1.245253 1.082882 1.145846 1.275417 1.055314 1.255043 1.054427

0.880160 0.960345 1.122612 0.819222 1.055377 0.561828 1.122612 0.995847 0.776252 0.919517

0.885254 0.961232 1.124649 0.791708 1.041115 1.068628 1.080845 0.710939 0.987124 0.964783

0.958600 1.008273 0.905628 1.102355 0.820057 1.040226 0.948413 1.055314 0.947394 1.042888

1.098163 0.982534 1.028891 1.109456 1.042134 0.962120 0.994255 1.154721 1.088994 1.039338

0.966750 0.970996 1.189846 0.986972 1.073714 0.949694 1.167435 1.005611 0.905628 0.858275

1.085938 1.032237 0.895441 1.030462 0.643821 1.025137 0.921927 0.984309 1.192902 1.003835

1.165397 0.981646 1.068620 0.833423 0.922946 1.024249 1.062508 0.893777 1.086957 1.064190

0.999348 0.976321 1.022779 1.247028 1.167435 1.026025 1.026853 1.170698 0.994255 1.006498

0.918871 1.041113 1.103256 1.223064 1.373213 1.049989 1.087976 1.259454 0.951469 0.989634

0.916833 1.060640 0.854692 0.764193 0.889328 0.939931 0.888310 0.820110 0.950451 1.015374

0.837374 1.066853 0.961656 0.902653 0.888310 1.100580 0.937207 0.811234 0.825150 1.144958

1.243837 0.644372 1.007498 0.982534 1.030928 0.958570 1.013610 0.958570 1.260137 0.618632

0.926002 1.168922 1.111406 1.059752 0.898497 0.924842 1.117518 1.111231 0.836356 1.202650

1.085938 0.890227 0.954525 0.872476 1.088994 0.882239 0.960638 0.905316 1.108350 0.749104

0.785421 1.005611 1.001386 0.850287 0.806813 1.124544 0.983049 0.818334 0.831262 1.128094

1.233650 0.754430 0.780327 0.972771 1.129742 0.899103 0.787458 0.963007 1.236706 0.762418

1.096125 1.089929 1.195958 1.229277 0.865898 1.056202 1.144004 1.189336 1.030928 1.130757

1.006479 0.988747 0.810888 0.879576 1.278473 0.808571 0.896459 0.971883 1.022779 0.881352

0.905628 1.030462 1.107331 1.103243 0.581680 0.921292 1.056396 1.033125 0.936189 1.092592

0.953507 0.771294 0.790514 0.973658 1.179659 0.946144 0.844505 1.004723 0.954525 0.746442

1.160304 1.079278 0.977956 1.012711 0.675401 0.950582 0.935170 1.006498 1.174565 1.124544

0.975918 1.168922 0.963694 0.944369 1.052321 1.122769 0.993236 0.927505 0.916833 1.062415

0.955544 1.049989 1.073714 0.899990 0.908684 0.826323 1.059452 0.940818 0.986105 1.071290

0.924983 0.811234 0.984068 0.951469 0.955544 0.776619 1.006479 0.915967 0.932114 0.811234

1.112425 0.800583 1.191883 1.077503 1.076770 1.016261 1.161322 1.083716 1.166416 0.864488

0.981012 1.025137 0.665214 0.812121 1.056396 0.814784 0.687625 0.867150 0.891366 1.051764

1.019722 0.891115 1.032966 1.112118 1.067602 1.215963 1.009535 1.049101 1.083901 0.807684

0.920908 1.124544 0.648914 1.022474 0.967769 0.957682 0.650952 1.071290 0.893403 1.150284

1.119555 1.000285 1.319221 1.029575 0.977956 1.097917 1.290698 1.024249 1.188827 0.966558

1.109368 1.061527 1.051302 1.003835 1.053340 0.693188 1.120574 0.968333 1.006479 1.156497

1.002404 1.126319 0.820057 1.168035 1.003423 1.144071 0.820057 1.153834 1.053340 1.072178

0.905628 0.913304 1.227538 1.001173 1.017685 1.012711 1.176603 1.064190 0.886272 0.805909

1.127705 0.912416 0.844505 0.954132 0.976937 1.009161 0.923964 0.934605 1.144004 1.018036

1.020741 0.978096 1.103256 0.773956 1.033984 0.912416 1.038059 0.755317 0.923964 1.048214

0.948413 0.924842 0.901553 1.086379 1.083901 0.970996 0.938226 1.046439 1.056396 0.819222

0.892384 0.979871 0.999348 0.928392 0.771159 0.956795 0.943320 1.014486 0.870992 1.010936

1.031947 1.160934 1.108350 1.165372 1.135855 1.031350 1.126686 1.111231 1.054358 1.204425

1.164378 0.851174 0.709018 1.029575 0.846543 0.939043 0.716149 1.057089 1.119555 0.801471

0.955544 0.943481 1.292735 1.007386 1.134836 1.263892 1.254024 0.978984 0.949432 0.967445

0.880160 1.108568 0.933133 0.819222 0.898497 0.974546 1.011573 0.844074 0.932114 1.062415

1.081863 1.066853 1.121593 0.976321 1.356913 0.980759 1.082882 0.958570 1.091032 1.046439

0.960638 0.818334 0.994255 1.218626 0.786439 1.011824 0.982030 1.215963 0.912759 0.907978

1.064545 1.078391 1.191883 0.955019 1.119555 1.018036 1.200033 0.999398 1.081863 1.060640

0.835337 0.847624 0.888310 0.715377 0.898497 0.821885 0.909702 0.705614 0.838393 0.748217

1.042134 0.986972 1.002404 1.143183 1.055377 1.053539 0.984068 1.079278 1.100200 1.077503

0.979993 0.939931 0.934151 1.184011 1.037040 1.022474 0.928039 1.252353 0.920908 0.995847

1.088994 1.183123 1.042134 0.887564 1.067602 0.996735 1.042134 0.907091 1.080845 1.137858

1.112425 0.860938 0.648914 1.003835 0.808851 1.006498 0.678457 0.936381 1.154191 0.718927

1.011573 1.000285 1.173547 0.796145 1.076770 0.878689 1.115481 0.843186 0.946376 1.159159

0.789495 0.813009 1.011573 1.173360 1.118537 0.942593 1.070658 1.092592 0.800701 0.781057

1.081863 0.989634 1.046209 1.052651 1.135855 1.002060 1.030928 1.124544 1.137892 1.002948

1.131780 1.118331 0.949432 0.838748 0.691700 1.000285 0.945357 0.847624 1.095107 1.073953

0.990180 0.957682 1.111406 0.944369 0.827187 1.263892 1.126686 0.876026 0.934151 0.939931

1.068620 1.024249 0.993236 1.210638 1.118537 0.792595 0.987124 1.241703 1.120574 1.081054

1.040097 0.950582 1.010554 0.916854 0.864879 1.033125 1.001386 0.993185 0.966750 0.909754

0.972862 0.983421 0.768103 1.149396 1.123630 0.712714 0.783383 1.072178 1.055377 0.980759

1.133817 1.048214 1.006479 0.927505 0.947394 1.056202 0.960638 0.994072 1.129742 1.037563

0.877104 1.109456 1.022779 1.049101 1.069639 1.004723 1.042134 0.989634 0.881179 1.106793

1.107331 0.997622 1.061489 0.890227 0.993236 0.838748 1.076770 0.909754 1.082882 1.014486

0.983049 0.751767 1.038059 1.031350 0.982030 0.902653 1.052321 1.030462 1.015648 0.757980

0.938226 1.032237 1.077789 0.828098 1.217351 1.018036 1.059452 0.872476 0.937207 1.106793

0.835337 0.985197 0.943320 1.109456 0.966750 0.876914 0.951469 1.029575 0.801720 0.848512

1.033984 1.032237 1.052321 0.872476 0.987124 1.019812 1.033984 0.975433 1.084920 1.113006

0.855711 1.154721 0.978974 1.217738 0.928039 0.982534 0.986105 1.103243 0.802739 1.218626

1.088994 1.109456 0.964712 0.918629 1.006479 1.073953 0.967769 1.033125 1.159285 1.017149

1.145023 1.066853 0.932114 0.900878 0.733467 0.821885 0.929058 0.829873 1.083901 1.044663

0.940264 1.014486 0.791533 1.022474 1.170491 1.085491 0.775234 0.960345 0.962675 1.097030

0.999348 0.905316 0.884235 0.850287 0.964712 0.919517 0.883216 0.920404 0.997311 0.924842

0.910721 1.028687 1.096125 0.986972 0.996292 0.884014 1.083901 0.950582 0.917852 0.976321

1.054358 0.963007 0.863861 0.984309 1.063527 1.005611 0.887291 0.989634 1.072695 0.909754

1.101219 1.114781 1.250968 1.003835 1.123630 1.016261 1.222445 1.027800 1.097144 1.260342

0.894422 0.599994 0.830244 0.961232 0.995274 0.860938 0.890347 0.944369 0.831262 0.484610

1.092050 1.109456 1.099181 0.891115 1.084920 1.165372 1.052321 0.865375 1.193921 1.173360

1.020741 1.119219 0.968787 1.088154 1.051302 0.939043 0.969806 1.085491 0.934151 1.047326

1.080845 1.060640 0.907665 0.994960 0.888310 1.079278 0.926002 1.061527 1.117518 1.113006

0.940264 0.798808 0.912759 1.163597 1.035003 1.065965 0.899515 1.108568 0.901553 0.765081

1.030928 0.919517 1.111406 0.930168 0.944338 0.981646 1.118537 0.947031 1.092050 0.974546

1.107331 1.094367 0.916833 1.018036 1.154191 0.892002 0.928039 1.015374 1.083901 1.044663

1.017685 0.900878 1.086957 1.014486 0.989161 0.849399 1.057415 1.035788 0.972862 0.875139

0.750785 0.927505 0.838393 0.955907 0.796626 1.077503 0.866917 0.952357 0.769121 0.980759

1.068620 0.977208 1.060471 0.907978 0.950451 1.052651 1.028891 0.868926 1.124649 0.987859

1.073714 1.111231 0.916833 0.642597 1.116499 0.834311 0.954525 0.686975 0.979993 1.049989

1.013610 1.143183 1.092050 1.131645 1.000367 1.009161 1.064545 1.057089 1.053340 1.197324

1.090013 1.077503 0.909702 1.065965 1.030928 1.105018 0.943320 1.149396 1.065564 1.041113

1.005461 0.946144 1.101219 1.018036 1.002404 0.943481 1.059452 0.996735 1.041115 0.913304

0.897478 1.073953 1.027872 1.043776 0.741616 0.887564 1.070658 1.044663 0.893403 1.130757

1.114462 0.947031 0.993236 0.765081 0.891366 0.792595 0.972862 0.814784 1.160304 0.909754

1.002404 0.818334 0.755878 1.318033 1.211239 0.838748 0.748747 1.216851 0.930077 0.823660

0.910721 1.135195 1.102237 0.876026 1.036022 1.123657 1.068620 1.017149 0.947394 1.189336

0.841449 0.921292 0.815982 1.081941 0.966750 1.120106 0.885254 0.963007 0.849599 0.893777

1.136873 0.862713 1.461840 1.063302 0.977956 1.073953 1.400718 1.089929 1.126686 0.859162

1.310053 0.850287 0.516483 1.065965 0.849599 0.908866 0.572512 1.076616 1.308016 0.866263

0.852655 1.052651 1.344689 1.016261 1.080845 0.950582 1.276436 1.026025 0.803757 1.036675

0.972862 0.806796 0.511389 0.884014 1.061489 0.740229 0.552137 0.865375 1.018704 0.871588

0.964712 1.101468 1.273380 1.246141 1.179659 1.107680 1.232632 1.201762 0.967769 1.041113

1.006479 0.980759 0.942301 0.904428 0.702906 0.866263 1.019722 1.028687 1.038059 0.923955

1.191883 1.122769 1.152154 1.042001 1.254024 0.952357 1.119555 0.954132 1.130761 1.214188

1.114462 1.133420 1.032966 0.976321 0.916833 1.042001 1.045190 0.969220 1.136873 1.082829

0.930077 0.772181 0.998330 1.021587 0.947394 0.822772 0.987124 1.028687 0.883216 0.720702

0.853674 1.097917 0.932114 0.881352 0.974899 0.852949 0.934151 0.910641 0.935170 1.144071

1.106312 0.886677 1.051302 1.020699 1.079826 1.064190 1.041115 0.961232 1.100200 0.908866

1.116499 0.903541 0.852655 1.053539 0.926002 1.029575 0.889328 1.089929 1.112425 0.908866

0.870992 0.942593 1.077789 0.939043 0.907665 1.040226 1.042134 0.947031 0.815982 0.931055

1.071676 0.885789 1.099181 1.015374 1.050284 0.981646 1.127705 0.998510 1.155210 0.812121

0.990180 1.136083 0.824131 1.075728 1.204108 0.734903 0.832281 1.065077 0.905628 1.273655

1.011573 0.960345 1.090013 0.988747 1.062508 1.112118 1.061489 1.029575 1.066583 0.888452

0.930077 1.028687 1.085938 1.088154 0.834318 0.952357 1.102237 1.040226 0.838393 1.018036

0.836356 1.002060 1.064545 0.794370 0.942301 0.807684 1.050284 0.884902 0.900534 0.952357

1.056396 1.125432 1.013610 1.057089 1.094088 1.167147 1.037040 0.958570 1.080845 1.279868

1.124649 0.679874 0.793570 0.878689 1.111406 0.883127 0.789495 0.908866 1.110387 0.523663

1.015648 1.034013 1.026853 1.042001 1.044171 1.097030 0.986105 1.024249 0.965731 1.162709

0.885254 1.086379 0.964712 0.983421 1.192902 0.939931 0.995274 1.034013 0.943320 0.958570

1.279492 0.845849 0.947394 0.944369 0.714111 0.734903 0.943320 0.913304 1.281529 0.895553

0.901553 1.089929 1.038059 0.828985 1.154191 1.004723 1.029910 0.788157 0.850618 1.146733

1.099181 1.058864 1.037040 1.150284 0.803757 1.109456 1.049265 1.130757 1.153173 0.989634

0.861823 0.931943 0.895441 0.934605 1.170491 0.906203 0.899515 1.034013 0.824131 0.907091

1.073714 1.099692 1.335521 1.028687 0.911740 0.902653 1.315147 0.967445 1.106312 1.191999

1.046209 1.073065 0.813944 1.011824 1.047227 0.940818 0.863861 1.024249 1.049265 0.978984

0.904609 1.040226 1.245875 0.905316 0.944338 0.966558 1.177622 0.920404 0.873029 1.049989

0.913777 0.607982 0.534819 0.916854 0.932114 1.097917 0.587792 0.900878 0.935170 0.614195

1.211239 1.094367 1.266249 1.115669 1.124649 0.920404 1.207164 1.097917 1.225501 1.209750

0.959619 1.063302 1.073714 1.097917 1.031947 0.678987 1.110387 1.135195 0.907665 0.922179

0.949432 1.089929 0.850618 0.943481 1.102237 1.149396 0.860805 0.978984 1.000367 1.168922

1.085938 0.890227 1.155210 1.044663 0.728373 1.125432 1.116499 0.983421 1.096125 0.869813

0.863861 1.067740 0.941282 0.810346 1.438410 1.067740 1.002404 0.863600 0.803757 1.093479

1.068620 1.013599 0.655027 1.155609 0.889328 0.820997 0.625484 1.057977 1.130761 0.952357

1.063527 0.939043 1.087976 0.901766 0.887291 1.040226 1.027872 0.986084 1.092050 1.018924

0.995274 0.946144 1.182715 0.934605 1.022779 0.892002 1.225501 0.892890 0.933133 0.943481

1.090013 0.984309 1.202070 0.957682 1.241800 1.017149 1.203089 0.960345 1.112425 0.939931

0.820057 1.057089 0.860805 1.179573 0.701887 0.930168 0.867936 1.144958 0.751803 1.067740

1.103256 0.916854 0.876085 0.879576 1.135855 1.075728 0.844505 0.970108 1.226519 0.947031

0.933133 0.993185 0.908684 1.255904 0.846543 1.080166 0.919889 1.153834 0.815982 1.030462

0.906646 1.049101 0.996292 0.984309 1.090013 0.946144 1.003423 1.094367 0.977956 0.966558

0.999348 1.156497 0.926002 0.784607 1.129742 0.892890 0.937207 0.755317 1.020741 1.169810

1.208183 0.793483 1.082882 1.013599 1.165397 1.110343 1.058433 0.930168 1.171509 0.817447

0.927020 0.670111 1.100200 0.932830 0.641783 1.124544 1.124649 0.969220 0.885254 0.669224

0.990180 1.084604 0.812926 1.054427 1.195958 0.928392 0.854692 1.076616 1.049265 1.141408

1.102237 1.353536 1.026853 0.977208 0.905628 1.054427 0.950451 1.002948 1.086957 1.230164

0.995274 1.049989 1.109368 1.052651 1.101219 0.719815 1.139930 1.020699 0.986105 1.111231

0.810888 0.654135 1.011573 0.969220 1.203089 1.129870 1.029910 0.973658 0.811907 0.611532

1.085938 0.986972 0.751803 1.085491 0.627522 0.926617 0.746710 1.086379 1.122612 1.057977

0.839412 1.123657 1.213276 0.943481 1.181696 1.021587 1.178640 1.006498 0.790514 1.034013

1.110387 0.882239 1.042134 1.111231 0.957582 0.845849 1.084920 1.021587 1.135855 0.931943

0.881179 1.029575 1.145023 0.805909 1.150117 0.785495 1.121593 0.860938 0.838393 1.081054

1.164378 1.065965 0.898497 1.245253 1.084920 1.124544 0.932114 1.181348 1.223463 0.985197

1.004442 0.915967 0.732448 0.826323 0.820057 0.955907 0.709018 0.970108 0.933133 0.892002

1.038059 0.994072 1.100200 1.059752 0.960638 1.032237 1.060471 0.915079 1.074732 1.053539

1.142986 0.938156 0.953507 0.883127 1.038059 0.866263 1.012592 0.921292 1.181696 0.920404

0.890347 0.864488 1.169472 1.097030 0.945357 1.068628 1.141967 1.115669 0.798664 0.877801

0.836356 0.963007 0.916833 1.032237 0.879141 1.040226 0.922946 1.045551 0.936189 0.970108

1.104275 1.148508 1.265230 1.109456 1.070658 0.924842 1.235688 1.074841 1.043153 1.152059

0.960638 0.757092 0.836356 0.781057 1.108350 0.852062 0.877104 0.803246 0.972862 0.647035

1.116499 1.107680 1.112425 1.172473 1.122612 1.030462 1.091032 1.113893 1.113443 1.269217

0.966750 1.015374 1.046209 0.961232 0.654008 0.960345 1.049265 1.034013 0.972862 0.937268

1.135855 1.035788 0.821075 1.042001 0.973881 1.171585 0.851636 0.983421 1.108350 1.086379

0.839412 0.823660 1.066583 0.935493 1.079826 0.868926 1.022779 0.942593 0.888310 0.690525

1.061489 1.005611 1.137892 0.956795 0.960638 1.015374 1.175584 0.987859 1.051302 1.160934

0.916833 1.192887 0.884235 0.976321 0.926002 0.773069 0.889328 0.978096 0.879141 1.114781

0.945357 1.225727 0.969806 1.168922 1.219388 1.063302 0.954525 1.120994 0.977956 1.158272

1.183734 0.804133 0.786439 0.824547 0.815982 0.837861 0.777271 0.891115 1.183734 0.781944

0.991199 0.786382 1.278473 1.036675 1.129742 0.980759 1.269305 0.988747 0.930077 0.938156

0.926002 0.979871 0.798664 0.828985 0.918871 0.960345 0.876085 0.851174 0.987124 0.979871

1.050284 1.266555 1.125668 0.995847 0.943320 0.932830 1.046209 0.945256 1.026853 1.189336

0.914796 0.986084 0.829225 1.247028 1.054358 1.153834 0.854692 1.245253 0.884235 0.911529

0.968787 0.777506 1.281529 0.874251 1.096125 0.855612 1.267267 1.023362 1.072695 0.886677

1.113443 0.867150 0.900534 0.797033 1.352839 1.042888 0.953507 0.697626 1.053340 0.907091

1.032966 1.149396 1.261155 1.024249 0.546025 1.158272 1.173547 0.978096 1.008517 1.115669

0.951469 0.970996 0.531763 1.087266 1.090013 0.820110 0.607147 1.153834 0.992217 0.817447

1.121593 0.976321 1.447578 1.097030 1.040097 0.911529 1.381362 1.105905 1.142986 1.170698

0.846543 1.111231 0.561306 1.103243 1.054358 1.026025 0.681513 1.044663 0.753841 1.089042

1.088994 1.175135 1.389512 0.629283 0.767084 1.287856 1.271342 0.765081 1.181696 1.081054

1.016666 1.070403 0.963694 1.098805 1.195958 0.879576 1.009535 0.930168 0.928039 1.124544

1.048246 1.023362 0.770140 0.924842 0.821075 0.882239 0.795608 0.995847 1.116499 1.054427

1.187809 0.747329 1.066583 1.027800 1.207164 0.870701 1.018704 1.027800 1.149098 0.663011

0.672344 0.949694 1.328390 0.945256 0.989161 1.118331 1.331446 0.973658 0.645858 1.005611

0.924983 0.875139 0.636690 0.869813 0.838393 1.211526 0.719205 0.858275 0.940264 0.828098

0.878123 1.042888 1.201052 1.008273 1.157247 1.022474 1.097144 0.963895 0.929058 1.130757

1.069639 1.026912 0.845524 1.238152 0.992217 0.962120 0.894422 1.223951 1.023797 0.969220

1.234669 1.127207 1.139930 0.702951 1.102237 1.101468 1.105294 0.863600 1.289679 1.131645

0.683550 1.001173 0.971843 1.138745 0.802739 0.820110 0.996292 0.970996 0.575568 0.969220

0.973881 0.992297 1.133817 1.082829 1.112425 0.988747 1.078807 1.129870 1.129742 0.995847

1.145023 1.050876 0.457398 0.762418 0.919889 0.945256 0.524632 0.800583 1.109368 1.109456

0.984068 1.022474 1.328390 1.093479 1.202070 0.852949 1.244856 0.985197 0.892384 0.971883

0.931095 0.822772 1.051302 1.105018 0.543988 1.096142 1.115481 1.144958 1.016666 0.868926

1.040097 1.061527 0.729392 1.141408 1.041115 0.915079 0.730411 1.165372 1.030928 1.079278

1.010554 1.168035 1.044171 0.924842 1.096125 1.069515 0.987124 0.938156 0.984068 1.165372

0.936189 1.021587 1.041115 1.008273 1.188827 1.126319 1.093069 0.950582 0.937207 1.002948

1.110387 0.961232 1.111406 0.731353 0.888310 0.946144 1.102237 0.803246 1.162341 0.967445

1.027872 1.141408 0.853674 0.918629 0.933133 0.814784 0.879141 0.839636 0.932114 1.140520

0.905628 0.907978 1.040097 0.923955 1.067602 1.082829 0.983049 0.946144 0.972862 0.891115

0.999348 1.091704 1.041115 1.136083 0.896459 0.855612 1.079826 1.120106 0.986105 1.176023

0.963694 0.678099 1.010554 0.934605 0.799682 1.079278 1.021760 0.989634 0.959619 0.555615

1.031947 1.252353 0.952488 0.920404 1.178640 0.960345 0.944338 0.923067 1.002404 1.310045

1.116499 1.049101 1.055377 1.080166 0.930077 1.082829 1.032966 1.034900 1.167435 1.047326

1.077789 0.920404 1.109368 0.991410 1.081863 0.979871 1.131780 1.051764 1.039078 0.953244

0.715130 0.794370 1.022779 0.836973 0.893403 0.934605 1.036022 0.819222 0.727354 0.733128

1.140948 1.147621 0.764028 1.139633 1.067602 1.069515 0.786439 1.074841 1.140948 1.184899

1.182715 1.009161 1.096125 1.115669 0.734485 1.022474 1.024816 1.181348 1.192902 0.984309

1.045190 1.042888 1.110387 1.084604 1.189846 0.931055 1.139930 1.073953 0.995274 1.089929

0.803757 1.029575 1.129742 0.983421 1.107331 0.908866 1.128724 0.987859 0.814963 0.937268

1.097144 1.118331 0.950451 0.891115 0.807832 1.149396 0.982030 0.935493 1.146042 1.104130

0.953507 0.872476 1.107331 0.907978 1.244856 1.039338 1.068620 0.856500 0.902572 0.956795

1.068620 1.159159 0.885254 1.117444 0.919889 1.043776 0.916833 1.094367 1.094088 1.176910

0.806813 0.740229 0.810888 0.809459 0.834318 0.647035 0.782364 0.877801 0.787458 0.623070

1.169472 1.219514 0.914796 1.127207 1.027872 1.248803 0.906646 1.044663 1.203089 1.306495

0.969806 0.926617 1.173547 0.738454 1.240781 0.939043 1.184752 0.836973 0.902572 0.886677

0.861823 1.103243 1.088994 1.168922 1.041115 0.955019 1.125668 1.081054 0.912759 1.178686

0.840431 1.018924 1.205127 0.816559 0.862842 1.038450 1.140948 0.888452 0.817000 0.930168

0.984068 0.964783 0.693737 0.941706 1.031947 1.107680 0.793570 0.919517 1.017685 0.953244

1.024816 0.936381 1.036022 1.062415 0.957582 0.797920 0.951469 1.025137 0.993236 1.017149

1.248931 1.122769 1.095107 1.194662 1.137892 1.110343 1.103256 1.214188 1.328390 1.112118

0.998330 0.983421 1.077789 0.994960 1.036022 0.749104 1.081863 1.035788 0.887291 0.896440

0.972862 1.065965 1.005461 0.832535 0.888310 1.057977 1.004442 0.806796 1.043153 1.144071

1.025835 0.868926 0.811907 1.234602 1.236706 1.050876 0.805795 1.181348 0.991199 0.849399

0.780327 1.073953 1.110387 0.876026 0.834318 1.013599 1.110387 1.023362 0.786439 1.116556

0.956563 0.865375 0.906646 0.939043 0.973881 1.238152 0.939245 0.789932 0.983049 0.836973

1.119555 1.073065 1.046209 1.039338 1.176603 0.800583 1.002404 1.043776 1.154191 1.110343

1.096125 0.915967 0.927020 0.811234 0.898497 0.986084 0.927020 0.888452 1.003423 0.843186

0.929058 0.945256 1.088994 1.068628 1.136873 0.965670 1.070658 1.002060 0.997311 0.976321

0.774215 1.021587 1.161322 0.925730 1.186790 0.937268 1.197996 0.941706 0.743654 1.081941

1.036022 1.004723 0.656045 1.020699 0.782364 0.972771 0.698831 1.001173 1.057415 0.876914

1.057415 1.064190 1.014629 1.007386 0.986105 1.014486 0.943320 1.018924 1.038059 1.121881

1.162341 1.092592 1.025835 1.052651 0.884235 0.936381 1.029910 1.059752 1.163360 1.085491

0.791533 0.771294 1.268286 0.763305 0.972862 0.970996 1.288660 0.771294 0.778290 0.792595

1.164378 1.125432 0.658083 1.229277 1.047227 0.945256 0.733467 1.174248 1.242819 1.176023

1.013610 1.097917 1.253006 0.909754 0.884235 0.913304 1.149098 1.005611 0.950451 0.963895

0.911740 1.092592 0.822094 0.964783 1.040097 1.070403 0.900534 0.939043 0.867936 1.174248

0.776252 0.694075 0.992217 1.195549 1.094088 0.821885 0.952488 1.137858 0.850618 0.727803

1.227538 0.982534 0.822094 0.807684 0.865898 1.086379 0.843487 0.909754 1.210220 1.024249

0.967769 1.233715 1.036022 0.950582 0.984068 1.054427 0.997311 0.853837 0.904609 1.090817

1.142986 1.042888 1.285604 1.088154 0.960638 1.148508 1.295791 1.103243 1.216332 1.087266

1.019722 0.957682 0.997311 1.037563 1.064545 0.769518 1.048246 1.093479 1.014629 1.021587

0.983049 1.082829 1.051302 0.994960 0.935170 1.029575 1.012592 0.984309 0.911740 1.010936

0.866917 0.828985 1.093069 0.750880 1.012592 1.028687 1.077789 0.733128 0.953507 0.787270

1.008517 1.067740 1.045190 1.134307 1.023797 1.274543 1.053340 1.080166 0.971843 1.190224

0.893403 0.933718 0.977956 1.091704 0.842468 0.764193 0.982030 1.176023 0.896459 0.853837

1.103256 0.993185 0.851636 1.077503 0.937207 0.925730 0.867936 1.060640 1.099181 1.026025

1.098163 1.106793 1.078807 0.544077 1.239762 1.008273 1.060471 0.595556 1.091032 1.074841

1.032966 1.064190 1.061489 1.154721 0.927020 1.106793 1.077789 1.006498 0.978974 1.092592

0.733467 0.899103 0.796626 0.703839 1.023797 1.028687 0.805795 0.838748 0.784402 0.864488

1.065564 0.991410 1.193921 1.197324 1.126686 0.972771 1.151135 1.116556 1.108350 1.035788

0.924983 1.102355 0.624465 0.999398 1.046209 1.024249 0.696793 1.041113 0.857749 1.097917

1.180678 1.076616 1.271342 1.122769 1.070658 0.946144 1.191883 1.114781 1.258099 1.044663

0.929058 0.799696 1.014629 1.090817 0.842468 1.001173 1.039078 1.103243 0.880160 0.774844

1.057415 0.947919 1.069639 1.073953 0.976937 0.887564 1.062508 1.064190 1.084920 1.042888

1.088994 1.151171 0.880160 0.913304 1.042134 0.732241 0.884235 0.930168 1.058433 1.139633

0.993236 1.109456 1.017685 1.131645 1.133817 1.148508 1.001386 1.041113 1.006479 1.041113

0.877104 0.939931 0.950451 0.686087 0.728373 0.883127 0.960638 0.843186 0.887291 0.921292

0.859786 1.059752 1.112425 1.309158 1.042134 1.283418 1.106312 1.144071 0.896459 1.127207

1.206145 0.978984 1.008517 0.833423 0.938226 0.868038 1.030928 0.991410 1.205127 0.984309

0.920908 1.187561 0.931095 0.973658 1.119555 1.024249 0.943320 0.859162 0.855711 1.173360

1.040097 0.855612 0.973881 0.856500 0.977956 1.166260 0.947394 0.886677 1.061489 0.801471

0.884235 0.987859 1.047227 1.060640 1.081863 0.947031 1.059452 1.043776 0.920908 1.140520

1.007498 1.204425 0.813944 1.124544 0.769121 1.015374 0.811907 1.147621 0.955544 1.105905

1.065564 0.787270 1.240781 1.247916 0.997311 1.020699 1.202070 1.253241 1.083901 0.701176

1.075751 1.024249 1.084920 0.634609 0.985087 1.082829 1.128724 0.731353 1.062508 1.136970

0.916833 0.931055 1.035003 1.234602 1.245875 0.931055 1.011573 1.049101 0.909702 0.982534

0.783383 1.131645 0.771159 1.031350 0.769121 1.046439 0.792552 1.126319 0.812926 1.080166

1.126686 1.065077 1.076770 1.101468 1.050284 1.152059 1.042134 1.063302 1.145023 0.992297

1.054358 1.091704 0.916833 0.609757 1.017685 0.981646 0.967769 0.701176 1.025835 1.144958

1.032966 0.883127 1.196977 1.321584 1.115481 1.163597 1.155210 1.160934 1.033984 0.885789

1.001386 1.065965 1.037040 1.022474 1.015648 0.600881 1.075751 1.165372 1.008517 1.087266

1.062508 1.057977 1.125668 0.970996 1.011573 1.035788 1.106312 0.907091 1.070658 0.953244

0.790514 0.953244 0.917852 0.803246 1.190865 1.108568 0.935170 0.817447 0.774215 1.046439

1.186790 1.049989 0.813944 1.057089 0.968787 0.879576 0.794589 1.024249 1.209201 1.038450

1.058433 1.065965 0.912759 1.105018 0.797645 0.994960 0.906646 1.160934 1.036022 1.052651

0.757916 0.979871 1.127705 0.926617 1.115481 0.860050 1.125668 0.932830 0.716149 0.908866

0.959619 0.982534 0.827187 1.027800 1.038059 1.155609 0.870992 0.973658 1.042134 1.055314

1.142986 0.932830 0.949432 0.905316 0.956563 1.169810 0.913777 0.966558 1.073714 0.894665

0.822094 1.133420 1.221426 1.104130 1.043153 0.850287 1.211239 1.057977 0.806813 1.176910

1.011573 1.038450 1.110387 1.010048 0.742635 1.068628 1.178640 1.045551 1.070658 0.948806

0.988143 0.655910 0.884235 0.962120 1.188827 1.078391 0.857749 0.955907 0.977956 0.687862

1.342652 1.079278 0.912759 1.009161 0.938226 0.828098 0.894422 0.991410 1.331446 1.201762

0.780327 1.061527 1.107331 1.011824 0.818019 1.076616 1.106312 1.021587 0.732448 0.963007

1.162341 0.914191 1.071676 0.955907 1.041115 1.005611 1.097144 0.940818 1.239762 0.890227

1.085938 0.916854 0.836356 0.765081 0.757916 1.115669 0.838393 0.820110 1.046209 0.948806

0.730411 0.984309 1.026853 1.052651 1.194940 0.885789 0.993236 0.969220 0.658083 0.983421

1.012592 1.036675 1.070658 1.159159 1.176603 1.041113 1.063527 1.204425 1.165397 1.087266

1.016666 1.027800 1.164378 0.763305 1.033984 0.917742 1.176603 0.875139 0.943320 0.994960

0.985087 0.906203 0.745691 1.063302 0.907665 0.978984 0.769121 0.907978 0.989161 0.918629

1.056396 1.244365 1.129742 1.003835 1.145023 0.945256 1.070658 1.005611 1.036022 1.196437

0.997311 1.036675 0.949432 1.156497 0.864879 1.252353 0.983049 1.166260 1.020741 1.046439

0.909702 0.948806 1.206145 1.128982 1.112425 0.907978 1.165397 1.152946 0.906646 0.945256

0.923964 1.036675 0.746710 0.805021 0.756897 1.081054 0.818019 0.850287 0.950451 1.069515

1.021760 1.072178 1.060471 1.111231 1.097144 0.865375 1.012592 1.018036 1.048246 1.026912

0.917852 0.901766 1.110387 1.008273 1.115481 1.051764 1.125668 1.071290 0.826169 0.955907

1.030928 0.959457 1.066583 1.000285 0.847562 0.938156 1.094088 0.996735 1.137892 0.964783

0.843487 0.846737 0.839412 0.960345 1.213276 1.004723 0.809869 0.918629 0.768103 0.780169

1.055377 1.174248 1.116499 0.966558 0.972862 0.883127 1.088994 0.970108 1.091032 1.208863

1.079826 1.026912 1.365063 0.915079 1.167435 1.034900 1.369138 0.955907 1.014629 1.074841

0.869973 1.026912 0.613260 1.049101 0.835337 1.098805 0.728373 1.002948 0.903590 0.989634

0.981012 0.995847 1.097144 0.884902 0.827187 0.848512 0.952488 0.926617 1.000367 0.988747

0.966750 1.100580 0.977956 1.085491 1.087976 1.112118 1.023797 1.045551 0.947394 1.069515

1.190865 0.888452 1.117518 0.913304 0.595942 1.024249 1.119555 0.973658 1.164378 0.949694

0.962675 0.809459 1.081863 1.286081 1.247912 1.057089 1.094088 1.210638 1.000367 0.773956

0.841449 1.018036 0.776252 0.693188 0.817000 0.840524 0.769121 0.836973 0.834318 1.034900

1.153173 1.019812 1.127705 1.294957 1.372194 1.012711 1.087976 1.148508 1.170491 0.977208

0.982030 1.231939 1.072695 1.037563 1.176603 1.049989 1.125668 1.158272 0.905628 1.339335

0.978974 1.039338 1.020741 1.128982 0.755878 1.157384 1.026853 1.052651 1.040097 0.912416

1.103256 0.832535 0.998330 0.645259 1.048246 0.662123 0.968787 0.678987 1.124649 0.810346

1.031947 1.164485 0.889328 1.158272 1.023797 1.081054 0.896459 1.059752 1.007498 1.302057

1.094088 1.053539 0.825150 1.049989 0.784402 0.770406 0.836356 1.155609 1.046209 0.919517

0.807832 1.010936 1.339595 1.166260 1.105294 1.161822 1.281529 1.144958 0.866917 1.079278

1.015648 0.814784 0.785421 1.042888 1.171509 0.794370 0.892384 1.008273 1.019722 0.748217

1.060471 0.940818 1.277455 1.026912 1.155210 1.190224 1.187809 1.074841 1.027872 1.026912

0.992217 1.163597 1.099181 0.954132 0.922946 0.901766 1.146042 0.931055 1.007498 1.176023

1.060471 1.126319 0.701887 1.123657 0.857749 1.176023 0.733467 1.098805 1.083901 1.039338

1.002404 0.904428 1.191883 0.915967 0.978974 1.048214 1.099181 0.949694 1.003423 0.958570

1.037040 1.046439 1.124649 0.939931 0.851636 1.215076 1.188827 0.930168 1.033984 1.048214

0.891366 1.081054 0.702906 1.057089 1.139930 0.947031 0.720224 1.010936 0.910721 1.052651

0.995274 0.965670 1.181696 0.746442 0.969806 0.938156 1.107331 0.866263 0.965731 0.974546

0.909702 0.797920 1.274398 1.105905 0.786439 1.154721 1.312090 0.965670 0.905628 0.879576

1.048246 1.116556 0.974899 1.017149 1.208183 0.967445 1.006479 1.069515 1.066583 1.091704

1.009535 1.001173 0.906646 1.128982 0.886272 1.053539 0.872010 1.125432 1.005461 0.917742

1.028891 0.997622 0.996292 0.978984 1.168453 0.908866 0.992217 1.018036 0.949432 1.062415

1.012592 0.898215 0.634652 0.988747 1.016666 1.026912 0.661139 0.949694 1.085938 0.917742

0.901553 1.101468 1.032966 1.235490 1.075751 1.045551 0.956563 1.199100 0.876085 1.096142

0.931095 1.008273 1.097144 0.737566 1.109368 1.029575 1.137892 0.848512 1.000367 0.886677

0.864879 1.046439 0.728373 1.227502 0.774215 1.017149 0.771159 1.098805 0.813944 1.153834

1.024816 0.897328 0.973881 1.077503 1.007498 0.813009 0.893403 1.182236 1.064545 0.922179

0.825150 1.108568 1.025835 0.900878 0.948413 1.057089 1.060471 0.876026 0.808851 1.095255

0.947394 0.783719 1.064545 0.857387 0.895441 0.923955 1.064545 0.813897 0.940264 0.661236

1.029910 0.978096 1.221426 1.019812 1.125668 1.240815 1.202070 0.995847 1.035003 1.136970

0.969806 0.906203 0.805795 1.021587 0.928039 1.079278 0.869973 1.088154 0.909702 0.882239

1.056396 0.971883 1.090013 1.033125 1.101219 0.740229 1.039078 1.003835 1.107331 0.963007

0.814963 1.105905 0.924983 1.156497 0.996292 0.944369 0.952488 1.138745 0.752822 1.037563

1.078807 1.029575 0.979993 1.016261 0.777271 1.073953 0.964712 1.091704 1.205127 1.113893

1.025835 1.070403 1.008517 0.975433 1.258099 0.929280 1.001386 0.934605 0.886272 1.051764

0.926002 0.995847 1.072695 0.891115 1.121593 0.982534 1.076770 0.860938 0.975918 0.955907

0.821075 0.956795 0.916833 1.162709 0.863861 0.917742 0.947394 1.155609 0.845524 0.916854

1.138911 1.021587 1.041115 0.813009 1.027872 1.108568 0.998330 0.948806 1.157247 1.120994

0.770140 0.968333 0.922946 1.167147 1.124649 1.108568 0.944338 1.030462 0.695775 0.924842

1.106312 1.055314 0.958600 0.971883 0.786439 1.029575 0.953507 1.010048 1.220407 1.089042

1.067602 0.872476 1.251987 0.982534 1.000367 1.199100 1.233650 0.958570 1.003423 0.826323

0.851636 1.089929 0.698831 0.946144 0.797645 1.037563 0.757916 0.946144 0.808851 1.151171

0.962675 1.025137 1.166416 0.876026 1.021760 1.026912 1.098163 0.876026 1.030928 0.964783

1.054358 0.955019 0.867936 1.028687 1.173547 1.065077 0.931095 1.002948 0.988143 0.975433

1.086957 1.132532 1.051302 0.964783 0.680494 0.809459 1.006479 1.016261 1.135855 1.184899

1.083901 0.904428 1.019722 0.946144 1.131780 1.130757 1.036022 0.935493 1.058433 0.799696

0.864879 1.055314 0.966750 1.136970 1.033984 1.073953 0.955544 1.126319 0.873029 1.140520

1.040097 1.034900 0.911740 0.969220 1.044171 1.232827 0.914796 1.018036 1.018704 1.018036

0.982030 0.841411 0.883216 1.074841 0.888310 1.015374 0.873029 1.018036 1.043153 0.805021

1.068620 1.022474 1.134836 0.962120 0.936189 1.016261 1.139930 0.973658 1.019722 1.080166

0.827187 1.094367 1.268286 0.955019 1.053340 0.999398 1.237725 0.945256 0.852655 1.049101

1.046209 1.006498 0.730411 1.094367 1.014629 1.191112 0.802739 1.065965 1.055377 1.050876

1.195958 0.956795 1.021760 0.885789 0.772177 0.793483 0.967769 0.948806 1.207164 0.932830

0.994255 1.159159 1.033984 0.978096 1.139930 1.175135 1.024816 0.930168 0.909702 1.148508

0.770140 0.741116 1.179659 0.907978 1.085938 1.024249 1.169472 0.927505 0.832281 0.650585

1.018704 0.987859 0.863861 0.923067 1.066583 1.047326 0.933133 0.933718 1.054358 1.182236

0.978974 0.911529 0.777271 1.002948 0.944338 0.998510 0.733467 0.986972 0.908684 0.812121

1.052321 1.002060 1.031947 1.032237 0.907665 1.006498 0.997311 1.020699 1.121593 1.036675

0.899515 1.062415 1.137892 0.985197 1.000367 1.046439 1.187809 0.977208 0.837374 0.988747

1.001386 1.227502 0.965731 0.934605 0.990180 1.021587 0.959619 0.977208 1.082882 1.347323

1.169472 1.104130 0.672344 1.223064 1.049265 0.918629 0.682532 1.165372 1.133817 1.007386

0.834318 0.994072 1.138911 0.889340 1.003423 0.924842 1.096125 0.986972 0.808851 0.966558

0.940264 0.947919 1.271342 1.009161 0.898497 0.990522 1.323296 0.904428 0.937207 0.964783

0.976937 0.864488 1.071676 1.034900 0.898497 1.069515 1.063527 1.100580 0.983049 0.943481

1.059452 1.111231 0.638727 1.058864 0.877104 1.019812 0.637709 1.054427 1.010554 1.097917

0.990180 1.195549 1.296810 0.999398 1.059452 1.088154 1.213276 0.970996 1.020741 1.089042

0.840431 0.845849 0.711055 0.977208 1.100200 1.051764 0.844505 1.002948 0.801720 0.880464

1.024816 1.000285 1.191883 1.039338 1.168453 1.179573 1.095107 1.043776 1.056396 1.066853

0.928039 1.107680 1.069639 1.043776 1.282548 1.099692 1.116499 1.042888 0.884235 1.048214

1.203089 1.010048 0.978974 0.921292 0.629559 0.923955 0.982030 0.897328 1.302922 0.957682

0.742635 0.928392 0.820057 0.907978 0.817000 1.068628 0.817000 0.899990 0.664195 1.005611

1.074732 0.892890 1.007498 1.116556 1.227538 0.849399 0.989161 1.120994 1.142986 0.883127

1.087976 0.853837 1.035003 1.101468 0.811907 0.980759 1.051302 1.157384 1.063527 0.873363

1.069639 1.156497 1.066583 0.939931 0.969806 1.119219 1.076770 0.931055 1.037040 1.180461

1.033984 1.011824 0.972862 0.871588 0.900534 0.854725 0.961656 0.846737 1.055377 0.918629

1.031947 0.988747 0.950451 1.136970 0.972862 0.947031 0.943320 1.131645 1.005461 1.032237

0.738560 0.920404 1.127705 1.109456 1.028891 1.195549 1.105294 1.146733 0.799682 0.948806

1.214295 1.041113 0.889328 1.086379 1.184752 1.183123 0.948413 1.073953 1.239762 1.098805

0.731429 0.805021 1.117518 0.910641 0.996292 1.073953 1.055377 0.902653 0.623447 0.658573

1.111406 0.956795 0.929058 1.037563 0.964712 0.674549 0.996292 1.022474 1.217351 1.015374

1.025835 1.130757 0.944338 1.048214 1.038059 1.092592 0.918871 1.058864 0.979993 1.141408

1.200033 0.928392 1.100200 1.237265 1.020741 1.189336 1.085938 1.228389 1.219388 0.965670

0.976937 1.184899 0.779308 0.763305 0.868954 0.848512 0.800701 0.826323 0.952488 1.178686

1.029910 1.061527 1.047227 0.944369 0.797645 1.079278 1.025835 0.843186 1.048246 0.941706

0.984068 0.993185 1.033984 1.093479 1.054358 1.263892 1.025835 1.116556 0.995274 1.092592

0.949432 0.939931 1.010554 1.078391 1.236706 0.991410 1.019722 1.118331 0.866917 0.971883

1.003423 0.811234 1.058433 0.866263 0.914796 1.121881 1.046209 0.860050 1.101219 0.744667

1.053340 1.145846 1.178640 0.970996 1.166416 0.771294 1.193921 0.897328 1.001386 1.168922

0.911740 1.033125 0.999348 1.168922 0.789495 0.850287 1.010554 1.208863 0.905628 1.021587

1.109368 0.940818 0.805795 1.105018 1.104275 0.988747 0.822094 1.153834 1.119555 0.977208

1.029910 0.948806 0.778290 0.992297 0.639746 0.998510 0.743654 0.954132 1.029910 0.954132

0.827187 1.264779 1.265230 0.940818 1.021760 1.045551 1.231613 0.944369 0.834318 1.205313

1.010554 1.090817 0.890347 0.939931 1.174565 1.059752 0.984068 0.939043 1.009535 1.140520

0.889328 0.760643 1.111406 1.154721 0.926002 0.791708 1.033984 1.113006 0.880160 0.651472

1.074732 1.073065 0.907665 0.956795 1.043153 1.137858 0.951469 1.014486 1.098163 1.231052

1.129742 1.150284 1.199014 0.828985 1.258099 1.122769 1.161322 0.833423 1.110387 0.981646

0.853674 0.865375 0.890347 1.086379 0.900534 1.112118 0.939245 1.015374 0.813944 0.970996

1.058433 0.993185 1.045190 1.068628 0.880160 1.014486 0.997311 1.149396 1.125668 1.018924

0.928039 0.953244 0.712074 0.876026 1.101219 0.972771 0.733467 0.854725 0.866917 0.892002

1.170491 1.028687 1.385437 1.158272 0.896459 1.183123 1.339595 1.120994 1.262174 1.023362

1.052321 1.249691 0.780327 1.176023 1.199014 1.097917 0.857749 1.228389 0.959619 1.322471

0.927020 0.668336 1.102237 0.940818 0.744672 1.040226 1.032966 0.974546 0.960638 0.445557

0.927020 1.085491 0.909702 1.148508 1.086957 0.898215 0.929058 1.036675 0.954525 1.345548

0.945357 0.956795 0.958600 0.954132 0.905628 1.025137 0.962675 1.046439 0.926002 0.875139

0.998330 1.022474 0.979993 1.074841 1.052321 0.986972 0.979993 1.016261 0.977956 1.069515

1.081863 1.098805 0.889328 0.848512 0.948413 0.948806 0.875067 0.884902 1.144004 1.095255

0.817000 0.752655 1.033984 1.119219 1.229575 0.888452 1.037040 1.065965 0.726336 0.655910

1.056396 0.885789 1.131780 1.006498 0.651970 1.181348 1.141967 1.070403 1.161322 1.010936

1.256062 1.208863 0.975918 0.984309 1.116499 0.905316 1.006479 0.977208 1.200033 1.187561

1.095107 1.062415 0.973881 1.051764 1.151135 1.192887 0.947394 1.034900 1.076770 0.931055

0.787458 0.725140 0.992217 0.762418 0.932114 0.828098 0.975918 0.792595 0.737542 0.794370

1.236706 0.923067 1.202070 1.085491 0.900534 1.048214 1.205127 1.020699 1.370157 1.004723

0.760972 1.120994 0.824131 0.858275 1.068620 0.948806 0.845524 0.906203 0.642802 1.050876

1.188827 1.190224 0.982030 1.132532 0.997311 1.296732 0.957582 1.108568 1.283567 1.161822

1.040097 0.836086 0.877104 1.099692 1.049265 1.034900 0.892384 1.094367 0.968787 0.900878

0.933133 1.049101 1.204108 0.884902 1.019722 1.136970 1.180678 0.921292 0.962675 1.084604

0.826169 1.030462 0.866917 1.019812 0.849599 0.880464 0.891366 0.954132 0.844505 0.946144

0.988143 1.113893 1.155210 1.093479 0.969806 1.119219 1.137892 1.135195 0.998330 1.133420

0.928039 0.706501 1.085938 0.986972 0.865898 1.106793 1.103256 0.994960 0.923964 0.753542

1.002404 1.155609 0.880160 1.192887 1.193921 1.134307 0.899515 1.162709 0.983049 1.184011

1.283567 1.276318 0.869973 1.081941 1.110387 0.903541 0.832281 1.099692 1.330427 1.153834

0.844505 1.033125 1.078807 1.018036 0.967769 1.049101 1.076770 1.026912 0.696793 1.057977

0.954525 0.734016 0.842468 0.752655 0.966750 0.956795 0.881179 0.768631 1.117518 0.816559

0.868954 0.976321 1.250968 1.046439 1.122612 0.964783 1.218370 0.968333 0.786439 1.013599

0.904609 1.048214 0.940264 0.939931 0.936189 0.973658 0.978974 1.031350 0.957582 0.923955

1.043153 1.076616 1.101219 1.239928 0.930077 1.095255 1.064545 1.150284 0.989161 1.121881

1.050284 0.755317 0.826169 0.918629 0.967769 1.035788 0.852655 1.043776 1.070658 0.769518

1.165397 1.007386 1.018704 1.122769 1.152154 1.057977 1.001386 0.980759 1.151135 1.067740

0.916833 1.156497 1.134836 1.056202 0.919889 1.089929 1.132799 1.136970 0.873029 1.073065

0.939245 1.129870 1.077789 0.748217 1.229575 0.820110 1.111406 0.822772 0.973881 1.152059

0.961656 0.810346 0.914796 1.129870 0.860805 1.023362 0.906646 0.967445 0.977956 0.757092

1.082882 0.906203 1.061489 0.982534 1.059452 1.195549 1.057415 1.073065 1.068620 0.953244

1.091032 1.212413 0.976937 0.933718 1.050284 0.957682 0.981012 0.953244 1.105294 1.191112

0.935170 0.991410 1.350801 1.185786 0.938226 0.898215 1.312090 1.096142 0.926002 0.893777

1.171509 0.899990 0.664195 0.839636 0.756897 1.047326 0.743654 0.964783 1.229575 0.981646

0.738560 0.935493 1.144004 1.020699 1.166416 1.202650 1.066583 0.932830 0.625484 1.018924

0.944338 0.949694 0.790514 1.093479 0.990180 0.876914 0.818019 1.101468 1.083901 0.875139

1.083901 0.991410 1.041115 1.105018 1.026853 1.004723 1.036022 1.163597 1.014629 1.016261

1.047227 0.608869 1.322277 0.890227 0.880160 1.111231 1.315147 0.873363 1.002404 0.570704

1.114462 1.283418 0.754859 1.168035 1.127705 0.835198 0.851636 1.101468 1.100200 1.381938

0.892384 1.013599 1.391549 0.857387 1.019722 1.090817 1.275417 0.953244 0.926002 0.869813

0.863861 1.021587 0.723280 1.143183 1.076770 1.116556 0.820057 1.069515 0.904609 1.065965

0.727354 0.971883 0.825150 0.974546 0.944338 0.976321 0.751803 1.009161 0.691700 0.959457

1.084920 1.147621 1.032966 0.984309 1.016666 1.152946 1.023797 0.964783 1.149098 1.190224

0.873029 0.949694 0.943320 1.091704 0.914796 1.018036 0.984068 1.066853 0.792552 0.948806

1.081863 1.087266 1.058433 0.852062 1.124649 1.166260 1.014629 0.923067 1.125668 1.089042

0.913777 1.118331 0.970825 1.190224 0.627522 0.831648 0.986105 1.126319 0.877104 1.026912

1.010554 0.859162 0.933133 1.059752 1.153173 1.226614 0.933133 1.124544 1.078807 0.869813

1.028891 0.730466 1.112425 0.987859 0.949432 1.017149 1.095107 0.943481 0.999348 0.874251

1.047227 1.026912 1.177622 0.972771 0.909702 1.202650 1.178640 0.960345 1.041115 0.993185

0.926002 1.053539 1.138911 0.805909 0.882197 0.773069 1.149098 0.843186 0.936189 0.904428

1.025835 1.092592 0.823113 1.179573 1.052321 1.222176 0.845524 1.097030 1.015648 1.220401

0.914796 1.000285 1.305978 0.949694 1.055377 0.949694 1.258099 1.034900 0.936189 0.982534

1.126686 1.010936 0.616316 1.154721 1.078807 1.140520 0.718186 1.108568 1.099181 1.012711

0.765047 0.907091 1.090013 0.742004 0.988143 1.038450 0.990180 0.824547 0.768103 0.812121

1.085938 1.000285 0.848580 1.279868 1.138911 1.073953 0.881179 1.172473 1.100200 1.152946

1.022779 0.959457 1.147060 0.925730 0.757916 0.892890 1.112425 1.015374 1.018704 0.915079

1.055377 1.111231 0.836356 1.048214 0.933133 1.060640 0.904609 0.988747 1.022779 1.090817

0.955544 0.725140 0.902572 1.150284 0.959619 0.672774 0.857749 1.130757 0.991199 0.620408

0.928039 1.213301 0.970825 0.914191 1.247912 1.108568 0.978974 1.017149 0.882197 1.429866

0.919889 1.097030 0.695775 0.985197 0.725317 1.046439 0.713093 0.886677 0.973881 0.912416

1.071676 1.061527 1.380344 1.120994 1.073714 1.039338 1.326352 1.116556 1.027872 1.101468

0.848580 0.889340 0.905628 1.011824 1.119555 0.937268 1.016666 1.095255 0.843487 0.865375

1.107331 1.045551 1.044171 1.013599 0.916833 1.037563 0.979993 0.978984 1.106312 1.139633

1.058433 1.048214 0.777271 0.537864 1.040097 1.057977 0.758934 0.566266 1.096125 0.983421

0.806813 1.062415 1.390531 1.220401 1.010554 1.078391 1.374231 1.106793 0.719205 1.041113

0.911740 0.799696 0.700868 0.857387 1.100200 0.913304 0.791533 1.009161 1.008517 0.802358

0.974899 0.967445 1.021760 1.199100 0.810888 1.031350 0.948413 1.113893 0.969806 1.051764

1.100200 0.869813 0.911740 1.041113 1.153173 1.033125 0.909702 1.069515 1.060471 0.777506

1.003423 1.192887 1.300885 1.121881 1.169472 1.111231 1.309034 1.122769 1.013610 1.293181

1.051302 0.939043 1.047227 0.972771 0.732448 1.057977 1.090013 1.006498 1.014629 0.843186

0.964712 1.015374 0.988143 1.146733 1.097144 1.215076 0.957582 1.066853 1.020741 1.053539

1.010554 1.046439 0.826169 0.813897 0.779308 0.763305 0.829225 0.884902 1.000367 1.053539

1.058433 0.957682 1.165397 0.919517 1.242819 1.239040 1.129742 0.868926 1.105294 0.955907

0.755878 0.821885 0.974899 0.942593 0.751803 0.869813 1.011573 0.939043 0.649933 0.858275

1.099181 1.048214 1.112425 0.945256 1.132799 1.037563 1.080845 0.981646 1.217351 1.066853

0.991199 1.171585 0.950451 1.086379 1.070658 1.162709 0.965731 1.055314 0.916833 1.081941

1.359970 1.033125 0.977956 1.178686 1.022779 0.901766 0.966750 1.196437 1.426185 1.101468

0.931095 0.972771 0.935170 0.678099 1.117518 1.248803 0.951469 0.726028 0.772177 0.960345

0.991199 1.048214 1.043153 1.132532 0.989161 1.054427 1.021760 0.997622 1.159285 1.019812

0.959619 0.876914 1.023797 1.247028 1.323296 1.018924 1.018704 1.266555 0.890347 0.816559

0.926002 1.038450 1.144004 1.116556 0.890347 0.946144 1.154191 1.194662 0.896459 1.254129

1.206145 0.789932 0.758934 0.676324 0.988143 1.003835 0.779308 0.690525 1.228557 0.649697

0.879141 1.090817 1.119555 1.134307 0.913777 0.910641 1.092050 1.018924 0.851636 1.104130

0.845524 1.080166 1.000367 1.344660 0.965731 1.205313 1.012592 1.398802 0.916833 1.040226

1.130761 1.011824 0.999348 0.733128 0.895441 0.868038 0.975918 0.855612 1.153173 1.120106

1.009535 1.056202 1.030928 0.900878 0.948413 0.711827 1.031947 0.762418 0.916833 0.996735

1.049265 0.946144 0.909702 0.925730 1.033984 0.967445 0.941282 0.920404 1.124649 0.882239

1.152154 0.905316 1.031947 1.080166 1.060471 1.352648 1.006479 1.116556 1.118537 0.915079

0.747729 1.031350 1.051302 1.033125 1.069639 0.989634 1.028891 1.038450 0.714111 1.128094

0.988143 0.846737 0.957582 0.974546 1.105294 1.101468 1.007498 0.974546 1.069639 0.766856

0.970825 1.117444 1.302922 1.062415 0.700868 0.990522 1.260137 1.058864 0.907665 1.178686

1.131780 0.986084 0.744672 1.062415 1.077789 0.994960 0.838393 1.079278 1.152154 0.886677

0.999348 0.963895 1.111406 1.129870 1.045190 0.945256 1.031947 1.107680 0.933133 1.051764

0.855711 1.049101 0.704943 0.952357 1.023797 0.895553 0.749766 1.011824 0.929058 1.055314

0.932114 1.161822 0.928039 0.989634 0.847562 1.166260 0.888310 0.932830 0.890347 1.065965

1.012592 0.860938 1.182715 0.968333 0.996292 0.958570 1.189846 0.976321 1.055377 0.864488

1.003423 0.941706 1.289679 1.115669 0.969806 1.128094 1.283567 1.082829 0.984068 0.986084

0.946376 0.952357 1.002404 0.807684 1.157247 1.050876 1.042134 0.910641 0.988143 0.945256

0.908684 0.980759 0.915815 1.008273 0.850618 0.929280 0.885254 0.941706 0.851636 0.970996

1.118537 1.129870 1.018704 0.935493 1.218370 1.206200 1.013610 0.938156 1.181696 1.148508

1.241800 1.035788 1.000367 1.095255 0.908684 0.966558 1.029910 1.073953 1.184752 0.959457

0.730411 0.986972 0.856730 0.740229 0.915815 1.049101 0.848580 0.824547 0.673363 1.056202

1.092050 0.918629 1.095107 0.885789 0.908684 1.075728 1.065564 0.775731 1.176603 0.909754

0.956563 1.037563 1.160304 0.884902 1.222445 0.994960 1.188827 0.895553 0.942301 1.050876

1.017685 1.157384 0.885254 1.257679 1.130761 1.044663 0.903590 1.261229 1.009535 1.125432

0.843487 0.631058 1.083901 0.913304 0.686606 1.108568 1.060471 1.027800 0.846543 0.547627

0.978974 1.010936 0.945357 1.006498 1.202070 1.043776 0.964712 0.919517 1.020741 1.274543

1.164378 1.188449 1.082882 1.153834 0.979993 0.927505 1.055377 1.123657 1.145023 1.048214

1.069639 1.138745 0.835337 0.773069 1.006479 1.082829 0.870992 0.931055 1.059452 1.002060

0.831262 0.915079 0.958600 1.208863 0.698831 1.091704 0.930077 1.034900 0.811907 1.052651

0.940264 1.086379 1.080845 0.954132 1.190865 1.146733 1.087976 1.023362 1.015648 1.119219

1.048246 0.846737 1.214295 0.961232 1.137892 1.181348 1.191883 0.934605 0.967769 0.775731

0.875067 1.261229 0.847562 1.201762 0.948413 1.052651 0.904609 1.155609 0.897478 1.326909

1.023797 0.765081 1.064545 0.887564 1.046209 0.932830 1.007498 0.993185 1.037040 0.645259

1.129742 0.884014 1.002404 0.985197 0.978974 0.890227 1.029910 0.904428 1.117518 1.054427

1.116499 1.191112 0.936189 0.844074 1.051302 1.058864 0.927020 0.868038 1.116499 1.134307

1.033984 1.130757 1.193921 1.176023 0.859786 0.846737 1.180678 1.136083 1.032966 1.006498

0.827187 0.752655 0.852655 1.232827 1.136873 1.080166 0.899515 1.276318 0.820057 0.807684

1.053340 0.976321 0.996292 0.797033 0.779308 0.842299 0.961656 0.876026 1.083901 1.097917

1.066583 0.896440 0.884235 1.048214 1.059452 1.113006 0.884235 0.915079 1.006479 0.810346

0.949432 1.019812 1.277455 0.772181 0.779308 1.186674 1.262174 0.852062 0.966750 0.992297

1.123630 1.161822 1.038059 1.209750 1.191883 1.138745 1.083901 1.130757 1.114462 1.244365

1.063527 0.884902 1.103256 0.901766 0.858767 0.847624 1.076770 1.003835 1.069639 0.753542

0.962675 1.016261 0.693737 0.949694 1.070658 1.168035 0.716149 0.884902 0.922946 1.120106

1.142986 1.289631 1.178640 1.075728 0.839412 0.983421 1.115481 1.060640 1.213276 1.235490

0.741616 1.005611 1.209201 1.097917 1.097144 0.903541 1.235688 1.160047 0.691700 0.963895

1.043153 1.072178 0.740598 0.959457 1.135855 1.113006 0.813944 0.978984 1.109368 1.130757

1.012592 0.749104 0.853674 0.776619 1.130761 0.916854 0.790514 0.771294 0.953507 0.731353

1.012592 1.195549 1.151135 1.035788 0.927020 1.120106 1.147060 0.970996 1.056396 1.288744

0.949432 1.231939 1.224482 0.777506 1.113443 0.992297 1.249950 0.838748 0.960638 1.100580

1.008517 0.871588 0.721242 1.067740 0.893403 1.131645 0.754859 1.013599 0.963694 0.827210

0.859786 0.949694 1.063527 1.134307 0.916833 0.799696 0.981012 1.170698 0.878123 1.094367

1.148079 0.970996 0.958600 1.060640 1.227538 0.937268 1.002404 1.087266 1.147060 0.907978

0.977956 0.844074 0.954525 1.146733 0.804776 1.142295 0.933133 1.099692 0.961656 0.843186

0.962675 1.073953 1.104275 0.701176 1.241800 1.202650 1.084920 0.757980 0.976937 1.096142

0.877104 1.073953 0.869973 0.971883 0.661139 0.947031 0.900534 0.896440 0.900534 1.108568

1.038059 0.989634 1.120574 0.877801 1.076770 1.101468 1.102237 0.899103 1.005461 0.925730

1.005461 1.235490 0.836356 0.990522 1.078807 0.981646 0.856730 0.986972 1.080845 1.268330

1.022779 0.877801 1.090013 1.195549 0.999348 1.066853 1.078807 1.171585 0.950451 0.793483

0.963694 0.916854 1.209201 0.852062 0.878123 0.919517 1.210220 0.916854 1.000367 1.080166

0.034636 0.011538 0.038711 0.015976 0.062141 0.015976 0.025468 0.042603 0.038711 0.009763

1.517869 1.574539 1.535187 1.645545 1.653356 1.870098 1.495457 1.470694 1.568804 1.632231

